id id_2
1 12305
1 11557
3 22338
4 1489
10 11332
14 9946
14 11557
14 11332
14 22020
17 1626
19 16420
19 1773
19 4048
19 18886
19 4064
19 11003
19 20923
7427 17212
22 481
24 21035
27 5890
27 9521
27 21785
27 3586
11197 6272
29 4754
29 11158
30 17178
30 2838
30 8584
30 16854
32 14248
36 21489
36 1293
37 13886
37 17363
38 21229
39 1176
41 9484
41 10621
41 5739
41 12067
41 45
42 16727
42 14804
42 909
45 14796
45 19307
45 6095
45 21536
45 14790
47 17983
48 6206
49 2599
49 4809
49 7735
52 5972
52 10100
56 16887
56 9872
57 2117
57 4656
57 6023
57 20543
57 6213
57 15940
57 9882
15071 3935
61 14790
61 2252
8677 20029
65 3047
65 17566
65 9940
72 21229
81 11643
81 13550
85 4093
90 11230
90 11203
90 5716
7437 9978
7437 3420
7437 12240
7437 10264
7437 12845
22374 11332
101 787
101 25
101 10849
101 10805
101 8050
101 15449
101 12759
101 20083
102 10945
105 18953
110 18560
110 12521
110 701
110 16205
111 9254
120 7005
120 14248
127 4440
127 18545
127 11449
127 11273
127 17384
127 917
127 3735
127 8631
127 356
127 5896
127 18966
127 14561
127 6980
127 14777
127 9284
127 405
127 15159
127 4786
127 15236
127 8883
127 7412
127 3521
127 11634
127 3911
127 11341
127 21729
127 12936
127 2311
127 21569
127 17726
127 4337
127 8754
127 11892
127 6140
127 20892
127 6441
127 5918
127 3896
127 770
127 3892
127 1639
127 10468
127 2572
127 12247
127 15090
127 4516
127 10701
127 679
127 12283
127 3757
127 12464
127 19135
127 19743
127 9319
127 16977
127 15283
127 9275
127 13428
127 17464
127 13915
127 1123
127 16895
128 641
129 14908
129 17983
129 12982
131 11507
132 264
133 11332
133 3432
133 21356
134 20076
134 14551
134 18495
14864 4141
14864 18917
140 1011
140 12677
140 19447
141 6763
141 20083
149 7781
150 11341
150 8606
150 19757
150 15236
150 20758
150 7735
150 6441
150 14356
150 13426
150 14031
150 15468
150 17622
150 11449
150 9893
152 22428
152 11686
154 1054
154 701
965 20217
159 5694
160 4141
160 18917
165 10905
177 19288
178 11332
178 11312
178 3586
178 7657
184 7584
186 11874
187 17509
193 14383
197 21784
197 11721
197 6115
197 701
197 12977
197 9636
197 2595
197 10364
197 863
200 17983
201 7048
205 17512
213 12399
214 20695
7460 8970
7460 7010
221 14981
221 11189
223 11842
223 11062
224 19598
224 3004
224 20667
224 19447
224 20810
224 10364
224 7367
224 12677
227 9677
227 20584
227 5948
242 14908
245 6213
247 6763
247 5199
247 7323
247 19235
247 6321
247 6190
247 12862
247 13253
247 19269
248 18337
248 15129
248 2740
248 17451
248 12440
268 3365
270 15909
278 909
285 2636
285 3256
285 16849
285 9134
285 15470
285 15687
285 13033
285 10386
285 15648
285 16536
285 12534
285 19949
285 6231
285 2585
285 9035
285 9754
285 9175
285 21902
285 22094
287 12749
287 21351
287 9514
295 18377
296 16183
18717 14613
18717 18917
18717 4141
304 8168
304 6176
306 3577
306 18886
306 4825
306 9395
307 13095
307 13678
14896 21536
313 10452
315 21987
318 22220
319 13435
321 11686
323 10364
323 19556
325 701
326 463
326 6789
330 12899
330 6344
330 19666
330 1230
330 21323
330 8674
337 10364
344 25
347 590
350 11332
356 14043
356 13643
11244 8755
365 8194
368 13128
370 4141
370 11608
388 1063
388 9352
390 21299
391 12071
391 17212
394 12639
396 19884
396 16730
400 2451
400 16993
400 17392
402 18766
402 20118
405 3432
406 17858
406 3280
406 15198
406 701
14908 14031
14908 2174
14908 11602
14908 14213
14908 496
14908 19903
14908 17197
14908 14049
14908 8460
419 20511
11253 4655
425 5509
425 16131
425 10917
425 11797
432 11899
432 12677
436 1476
439 18280
439 5149
439 11964
439 16047
439 13277
439 1036
439 12908
439 14803
439 3783
439 6618
439 20046
9968 12305
9968 11557
9968 3432
447 1468
451 2837
452 21131
452 12091
454 14003
455 14003
461 5765
463 21713
463 12495
464 17591
464 4219
464 9069
464 4048
464 657
464 19127
464 1666
464 14880
464 1230
464 22386
464 19190
2793 14003
2793 13257
474 14707
474 9692
478 15530
481 4106
481 16420
481 22381
481 4794
481 252
481 10393
481 22186
481 7781
481 19111
481 15690
481 18564
481 4568
481 12440
481 16370
481 1773
481 7041
481 9359
481 14027
481 10644
484 8974
484 909
484 14804
495 11212
495 1001
495 6340
495 10215
495 8466
495 11327
495 14889
495 10452
495 701
495 17523
496 12759
496 10264
496 6115
496 5631
496 642
496 9636
496 15727
496 7017
496 20254
496 19762
496 10364
496 16853
496 2842
496 16432
496 12305
496 16355
496 19628
496 16887
496 13906
496 863
496 19765
496 4864
496 9939
496 12912
496 19938
499 14793
499 12091
499 22263
507 781
507 9891
507 20633
507 14619
507 2077
509 22186
513 14551
517 8755
526 6987
531 20251
532 14496
536 15346
536 7005
539 19513
541 1626
545 7877
545 13180
18766 16868
18766 18819
18766 14694
18766 9128
18766 8633
18766 18171
18766 8054
18766 11315
18766 743
18766 17451
548 1988
560 11332
563 1756
567 15909
567 11332
567 9946
573 13691
574 13309
574 18573
574 4737
574 7833
574 18886
578 15346
578 10346
578 21229
580 21722
580 14669
582 11332
585 20029
590 13225
590 14981
590 13742
590 9319
608 13680
613 4909
614 17983
615 17744
620 11332
623 4169
632 17983
633 6077
634 19513
637 22081
641 13992
642 2377
642 1330
646 11343
646 12252
646 11158
648 6941
649 5948
652 10460
652 10134
654 6388
657 4678
660 19836
661 22308
661 5811
661 12203
664 15592
664 701
664 21662
664 4086
668 12875
668 2692
669 13691
679 18866
682 2230
682 10670
682 8587
684 13168
684 14919
684 6115
686 17126
686 22144
686 18115
686 11536
686 12252
688 2636
688 20493
688 4062
688 4283
688 9059
688 11079
688 6086
688 9359
688 20414
699 5948
701 7602
701 13264
701 5943
701 9077
701 17760
701 21023
701 2110
701 14278
701 22092
701 5775
701 8044
701 1050
701 8482
701 12141
701 11954
701 21392
701 1271
701 12250
701 2819
701 2474
701 8749
701 6666
701 20708
701 12827
701 20392
701 867
701 4950
701 19319
701 5667
701 20402
701 11602
701 21315
701 6052
701 18617
701 2242
701 20414
701 9156
701 22171
701 2885
701 4283
701 14697
701 18283
701 16131
701 12500
701 5340
701 6735
701 21708
701 19028
701 13184
701 18971
701 8139
701 10588
701 1494
701 7966
701 8106
701 21496
701 829
701 14790
701 21033
701 14729
701 18678
701 12730
701 11657
701 8917
701 20465
701 11892
701 21522
701 18865
701 6086
701 11340
701 2732
701 17274
701 8869
701 20821
701 10636
701 21536
701 5856
701 16927
701 9325
701 11352
701 17348
701 11905
701 22267
701 8015
701 2964
701 18003
701 15142
701 8197
701 13435
701 20493
701 13777
701 9248
701 16594
701 3697
701 18384
701 11603
701 21570
701 11045
701 2280
701 19448
701 18216
701 10685
701 15300
701 19815
701 1592
701 12088
701 3726
701 7892
701 13122
701 1654
701 8934
701 21224
701 5458
701 920
701 9152
701 4064
701 19092
701 1964
701 19837
701 1969
701 9359
701 20547
701 19486
701 1620
701 18245
701 937
701 14497
701 8336
701 11973
701 9315
701 14371
701 13166
701 11801
701 16340
701 4441
701 19515
701 17924
701 21981
701 9677
701 10400
701 15961
701 15236
701 7231
701 14191
701 3423
701 4122
701 7952
701 9342
701 16357
701 5925
701 19885
701 10426
701 7257
701 4471
701 18012
701 14547
701 3783
701 4825
701 20042
701 9488
701 11487
701 12177
701 22421
701 14916
701 9373
701 5899
701 7770
701 15630
701 21685
701 18515
701 9294
701 20314
701 11507
701 2961
701 14243
701 21348
701 17099
701 20992
701 10824
701 13245
701 14247
701 9059
701 6961
701 21001
701 11873
701 10836
703 9246
705 1339
705 3935
708 782
715 17208
715 11332
715 3432
723 11332
725 14186
725 10566
725 13574
725 1050
736 4283
736 20414
736 20493
736 18678
736 4825
739 2421
742 9254
743 16033
743 18494
745 6499
745 17667
753 9618
753 14228
753 15065
753 21407
753 3788
754 13095
754 9939
755 850
755 7536
755 9881
755 12299
755 10883
755 14895
755 7798
755 16469
756 18121
758 2749
758 7586
767 9939
769 12940
770 7260
773 16506
4657 1988
4657 11332
781 19621
781 839
781 17490
781 12140
781 2658
781 14880
781 14697
781 21489
781 6248
781 22102
781 21225
782 18396
782 7991
18800 18984
18800 12977
787 13543
789 21532
789 14596
789 14249
789 14981
789 22386
794 21784
794 6011
794 15074
794 19082
794 2217
794 10838
808 10749
810 14221
810 20083
813 20902
813 14493
813 3606
816 7390
816 3526
135 8191
135 5546
829 18954
829 14290
840 18330
848 17523
848 20967
848 6850
850 9818
852 17014
4048 2077
861 22245
861 14577
863 12252
863 2377
863 19885
866 16870
871 1485
871 10608
871 8606
871 18969
871 909
871 21985
871 5463
871 7761
871 21489
871 13441
871 5948
871 15289
871 8974
871 4873
871 21550
871 16869
871 17866
871 22421
871 16727
878 17022
878 15072
878 15694
878 2518
881 14868
881 17983
5354 12305
5354 4902
5354 10972
891 9789
899 17983
900 17983
904 21792
904 15346
904 3632
904 10441
904 20982
904 17983
905 8751
907 5548
907 4257
909 21784
909 19519
909 6011
909 2105
909 6722
909 6475
909 18471
909 2187
909 1660
909 2268
909 2192
909 1578
909 6671
909 9604
909 16275
909 16355
909 9096
909 18760
909 20443
909 12165
909 16887
909 4141
909 21214
909 2726
909 22210
909 14814
909 20693
909 14221
909 11061
909 5453
909 14553
909 11073
909 20421
909 9196
909 21750
909 6158
909 1220
909 7533
909 4930
909 15915
909 21141
909 10805
909 17344
909 2595
909 6606
909 9475
909 15478
909 19984
909 5077
909 16568
909 2514
909 2842
909 19762
909 9597
909 2860
909 12376
909 18803
909 14532
909 20504
909 15862
909 8600
909 12838
909 19943
909 15315
909 3400
909 18273
909 13168
909 19938
909 18180
909 14619
909 12677
914 22159
914 9975
914 10594
915 16957
8164 1529
8164 10154
8164 19267
8164 20212
8164 9621
8164 21847
8164 16962
918 8531
918 7145
918 14790
920 21662
920 7088
920 967
920 19186
920 12526
920 19358
920 11742
920 952
920 11225
922 10621
922 2138
929 16265
937 21519
937 16708
939 3004
945 11745
952 15657
953 18731
953 4478
959 21561
961 11332
961 9939
5806 21247
5806 6595
5806 2658
5806 14697
5806 4095
5806 22202
5806 6344
5806 2230
5806 21128
5806 7974
5806 14548
963 15986
966 18866
967 14278
967 1179
967 15657
967 20890
970 19261
970 8921
977 11332
977 1713
11544 1529
11544 21097
11544 11046
11544 17523
981 14981
981 13426
983 13095
986 9891
990 19952
990 4563
990 14049
990 17022
990 13895
990 21627
990 15663
1001 5698
1001 9677
1001 22094
1001 9248
1004 18466
1005 10436
1005 7037
1005 19474
1005 16721
1007 10749
1009 1812
1011 20056
1011 8980
1011 21573
1011 7735
1011 10045
1011 22171
1011 5698
1011 17781
1011 12280
1011 21917
1011 22436
1011 13323
1011 21475
1011 12017
1036 8237
1041 11332
1041 12305
1041 12521
1045 9636
1045 7837
1047 12305
1047 11332
1049 20408
1050 7587
1050 2858
1050 21563
6427 19523
1054 20578
1054 4655
1054 14969
1054 6388
11363 20750
11363 6648
1063 20319
1063 4067
1063 2595
1063 12814
1063 10364
1063 12071
1068 12204
1068 10364
1068 5078
1068 12677
1078 8168
1080 10442
1080 8483
1080 11275
1087 11332
1087 19377
1087 16355
1094 17523
1094 1529
1094 19836
1094 20967
1096 18693
1097 15909
14188 10984
1102 8929
1103 10749
1108 14559
1112 10749
1113 15072
1119 14359
1123 11360
1123 2368
1123 20917
1123 17154
1123 8939
1123 10749
1123 4678
1123 1711
1125 11550
1133 21360
1137 9287
1139 8706
1139 4846
1139 13884
1145 1626
1173 15208
1173 4285
1176 13742
1176 7966
1179 14333
1182 19187
1182 20362
1182 5077
1184 12749
1184 7966
1184 14058
1184 15742
1184 21975
1184 5539
1184 6661
1184 20185
1185 12895
1187 11332
1190 17695
1190 12252
1191 14619
11382 9275
11382 6731
11382 8883
11382 20856
11382 16389
1209 9939
1213 13435
1213 6023
1213 10836
1213 14249
1216 12858
1226 6842
1226 6168
1226 2283
1230 10691
1230 9891
1230 18383
1230 2077
1239 5456
1239 8168
1241 11507
1244 14383
1244 20578
1244 12534
1244 4285
1244 9359
1244 4806
1244 18743
1244 17014
1244 2636
1244 13291
1244 22171
1244 17667
1244 252
1244 17451
1249 11987
1249 22144
1249 21373
1253 2252
1255 14490
1260 10394
1265 19739
1265 7880
1265 4296
1266 11022
1271 11332
1272 6158
1272 21784
1282 2820
1283 8614
1283 20395
1286 12083
1286 22338
1294 9540
1302 5590
1305 19127
1310 7057
1310 16565
1310 20414
1311 5686
1311 15943
1311 10178
1311 1539
1319 10890
1328 18195
1330 11332
1339 6763
1339 9287
1339 17392
1339 16887
1339 20693
3963 8194
1347 15618
1349 2229
1356 8525
1366 21346
1366 1539
1366 21563
7654 12067
1372 7487
1372 3830
1372 19695
15087 14790
1380 15867
1641 6344
1387 10140
1387 13095
1387 11332
1387 9939
1387 6800
1389 9939
1391 8755
1391 13095
1392 18394
1393 7800
1393 21222
1393 14249
1393 21188
1393 10836
1397 11899
1404 20949
1404 8362
1404 13649
1404 4068
1404 17020
1404 7982
1404 12797
11415 6158
1412 11074
1412 15742
1412 13742
1412 1666
1419 13058
1421 7005
1433 2067
1433 18042
1436 13522
1436 16422
240 8755
1442 21740
1444 9283
18925 9336
18925 8502
1446 2376
1454 19478
1460 9939
1479 2114
1480 8168
7671 9240
6052 12521
6052 10972
6052 6092
6052 8556
6052 11932
1484 2067
1485 6158
1489 22329
1489 7251
1489 6102
1489 7966
1489 5513
1489 3096
1489 12372
1489 11842
1489 13302
1489 13974
1489 16525
11424 13752
11424 6340
11424 17523
1494 2535
1494 2105
1494 11212
1494 17498
1494 12399
1494 12521
1494 8738
1494 20607
1494 20784
1494 10890
1494 4584
1494 17523
1494 19836
1494 11501
1494 21951
1494 21844
1494 21336
1494 2597
1494 15303
1496 19956
1503 10228
1504 19563
1504 9789
1504 5077
1504 21186
1504 18010
1504 22093
1504 19187
1504 4619
1512 21519
1517 6321
1518 17502
1529 5636
1529 9561
1529 11759
1529 22144
1529 5437
1529 2973
1529 11201
1529 12874
1529 12648
1529 20046
1529 10694
1529 9829
1529 11842
1529 11102
1529 4503
1531 3604
1531 11332
1531 11557
1531 19843
1531 3130
1531 3573
1531 11745
1535 6932
1535 11332
1535 13379
1535 3302
1535 5214
1535 13721
1536 9018
1539 8666
1539 9063
1539 14839
1539 9646
1539 10566
1544 1437
1546 9891
1553 8510
1554 12443
1559 1672
2539 1858
1562 8654
1564 19877
1567 17119
1567 21065
1567 8520
1567 19246
1567 18202
1567 4041
1567 10791
1569 6913
1570 16260
1574 17887
1574 15794
1574 7376
1574 15348
1576 6987
1576 15137
1576 15769
1577 11158
1581 19051
1581 20280
1581 11305
1581 11089
1581 17875
1581 1783
1585 9254
1586 13095
1586 7848
4629 6107
4629 12308
4629 16618
1592 15828
1595 8168
1595 6176
1595 20771
1603 2423
1611 17681
1617 3188
4011 4339
1620 5456
1620 21186
1620 12924
1620 18010
1620 4584
1620 17523
1620 15198
1620 2105
1620 2268
1620 3472
1620 13388
1620 21036
1620 6340
1620 8466
1620 10327
1620 13498
1620 15365
1626 11782
1626 8124
1626 10440
1626 4913
1626 4914
1626 17419
1626 11528
1626 4314
1626 8257
1626 13558
1626 11003
1626 13785
9911 17046
1647 8190
1647 15794
1654 2619
1654 5716
1654 7173
1654 13095
1654 10749
1654 11332
1655 10670
1655 7919
1671 11504
1671 3783
1671 8387
1671 19349
1679 14003
1680 19082
1681 22428
1681 13763
1685 17051
1690 10346
1690 20029
4024 10566
1711 11341
1711 15236
1711 9319
1711 16895
1713 20584
1713 10594
4025 13691
4025 20083
1717 21852
1718 17014
1718 5023
1718 5465
1718 12188
1718 21489
1718 11158
1718 11165
1718 20875
1720 15183
1720 9336
1724 12302
10917 4067
10917 18870
1730 7887
1730 22464
1730 13886
1730 4279
1730 19742
1730 9126
1730 11190
1730 16838
1730 13070
1733 11557
1738 14981
1738 15742
1738 13435
1738 7966
1740 17502
1745 15909
1745 9939
1755 15742
1758 9506
1758 8115
1758 16887
1758 12632
1773 12798
1774 20033
1775 2990
1779 8237
1780 15941
1783 17867
1783 14404
1783 14248
4037 4158
4037 18492
4037 6171
4037 17866
4037 4453
4037 10500
1804 14948
1814 4909
1814 6245
1814 18569
1833 17933
1837 11158
1837 7966
1853 7096
1855 4296
1859 16275
1865 3973
1870 5590
1875 6290
1875 21180
1875 2078
1875 9248
1875 6819
1875 14181
1879 20967
1880 20693
1890 5168
1894 11860
1894 15967
1894 18120
1894 17422
1894 15297
1894 21013
1894 22440
1894 17505
1894 21747
1901 16355
1901 17840
1901 19377
1901 4678
1901 20319
1901 21356
1901 12912
11591 14760
11591 19544
1918 19610
1918 18205
1921 15909
1929 9776
11671 11332
11671 12305
1933 9939
1934 8551
1934 15072
1943 11332
1945 12940
1945 4082
1949 14466
1958 4331
1958 22338
1958 9867
15177 17983
7759 13550
1964 9506
1979 21356
1979 11557
1988 14142
1988 22096
1988 22295
1988 6782
1988 7821
1988 9450
1988 11836
1992 22202
1996 10394
2015 20446
2015 14734
2015 13290
2018 12302
2021 9677
2021 2655
2022 5564
2024 18010
2024 21987
2024 10905
2026 12082
19024 14790
2033 6622
2035 15220
2035 13635
2036 11315
2036 13742
12311 14634
2046 7057
2046 4283
2046 18678
2046 9059
4067 18120
2057 17744
2057 21975
2057 10244
2058 17983
2059 12426
2059 18195
2067 6623
2067 5014
2067 5131
2067 20906
2068 19762
12417 19952
12417 4551
2073 10601
2073 11347
2075 11557
2075 3432
2075 11332
2077 6344
2077 9813
2077 2230
2077 1618
2077 20609
2077 16469
2078 7010
2078 18273
2081 14555
2084 17516
2085 11557
2085 11332
2100 21784
2100 11500
2100 13691
2105 12965
2105 14502
2105 21438
2105 17807
2105 7602
2105 12593
2105 6940
2105 7974
2105 3726
2105 9211
2105 11209
2105 3252
2105 12252
2105 18905
2105 4809
2105 20488
2110 15592
2112 13257
2112 14981
2112 19721
2112 8974
2112 4897
2114 7537
2114 6248
2114 20381
2114 6595
2114 14880
2114 10488
2114 2477
2114 3907
2114 4453
2114 5108
2114 21323
2114 2854
2114 4095
2114 9102
2114 6330
2114 17149
2114 7974
2114 22102
2117 7360
2117 8115
2117 10107
2117 12204
2117 15156
2117 4663
2117 2265
2117 3004
2117 18409
2117 5561
2117 16561
2117 20871
2117 8935
2120 2619
12749 13597
12749 2147
12749 2552
12749 6811
12749 11152
12749 18883
12749 12751
12749 13865
12749 16838
12749 8603
12749 9324
2123 1370
2125 4438
2132 14964
2133 21229
2142 8755
2147 13441
2147 18821
2147 17221
2147 15289
12922 8390
15211 8274
15211 13893
17807 11501
17807 3205
17807 17523
2163 15625
2163 21214
2164 3510
2166 5548
2171 17182
2171 2705
2171 19730
2171 20083
2173 12203
2176 15073
2176 6150
2176 18905
2177 1370
2178 20128
2207 14577
2209 13095
2212 12044
2212 6032
2214 4584
2216 3047
2217 18416
2221 10652
2221 20065
2224 13095
2225 11332
2226 4644
2226 14710
2226 17510
2229 17843
2229 18320
2229 6588
2229 18137
2229 8531
2229 10171
2229 21023
2229 10196
2229 17451
2229 2972
2229 12440
2229 14998
2230 20083
2230 5447
2230 11785
2230 7691
2230 21955
2230 13853
2230 14083
2230 20540
2230 13643
2230 11559
2232 13550
2235 7837
2235 6722
2235 8390
2245 10749
2245 13095
2245 11332
2249 22338
2252 13397
11563 7586
2262 3855
2268 14151
2270 12089
2272 18408
2272 16183
2279 3263
2280 12399
2280 17858
2280 3280
2284 11550
2284 10749
2284 15680
2284 7848
2284 12677
2284 6932
2287 9287
2287 19082
2289 4793
2292 10241
2292 18971
2298 18038
2298 14478
2302 3927
2306 10370
2306 6107
2311 13128
2311 14936
2311 11332
2311 10364
2318 6877
2323 2472
2327 11332
2340 17983
2344 11291
2363 6640
2365 15756
2365 21975
2365 8038
2365 14608
2365 18886
2365 14981
2365 6433
2368 16728
2368 7761
15246 4338
15246 3616
2376 11504
2377 7487
2377 16853
2377 19981
2388 18312
2388 17344
2388 7657
2391 6885
14495 1618
2410 3058
2410 18708
2410 16709
2418 4768
2418 20769
2418 6032
2418 13544
2418 2821
2418 8551
2418 9079
2418 12044
2418 10204
2418 21621
2418 6150
2418 9130
2418 19334
2418 2774
2421 14181
2421 18744
2421 16618
2421 4328
2421 22316
2422 10749
2422 2543
2425 15072
2425 21438
2428 9881
2428 11892
2428 9677
2428 16873
2436 11899
2436 8107
2436 14500
2442 13095
2442 9939
2444 11332
2451 2925
14695 20984
2454 13302
2454 4992
2454 5828
2454 14428
2459 8755
2460 17983
2461 15230
2461 11332
2461 19762
2463 11686
2472 20458
2472 13090
2472 8257
2472 18762
2472 14289
2472 18615
2476 19950
2476 8279
2476 4655
2476 10568
2476 17243
2476 6388
2479 5111
2479 11033
2479 5636
2479 5565
2491 12757
2493 13257
2495 20547
2514 11846
2514 14577
2514 3047
2518 8168
2520 17646
2521 21740
2521 14981
2521 18852
2521 9203
2521 13742
8309 19260
8309 10383
8309 14707
8309 16400
429 11158
2533 17571
2533 5089
2533 3004
2533 7144
2533 6356
2534 21054
2534 17304
2534 9254
2534 5026
2535 18090
2535 13794
2535 9315
2535 16774
2535 3891
2535 6940
2543 4992
2543 14497
2543 18886
2543 6696
2543 5896
2543 19448
2543 15961
2543 15630
2543 20578
2543 6085
2543 7565
2544 21790
2544 10805
2544 17983
2544 9992
2544 17154
2545 22428
2545 20354
2545 13449
2546 17983
2552 4338
2553 9352
2553 14981
2554 3631
11604 11740
11606 17686
2583 10364
2595 4382
2595 20173
2595 13272
2595 10549
2595 6961
2596 13095
2596 15909
2596 9939
2596 21329
2597 19970
2597 8540
2597 5149
2597 19606
2597 15742
2597 18216
2597 9441
2597 18852
2597 14790
2597 11315
2597 11973
2597 13735
2597 5869
2597 13742
2597 9174
2597 13003
2599 15614
2599 16993
2599 20216
2599 7837
2599 19014
2602 15013
2604 11332
2614 14872
2619 6218
2619 12993
2619 3630
2619 17099
2619 13426
2619 9447
2619 7966
2619 8002
2619 2684
2619 10741
2619 11189
2619 924
2619 21371
2619 3695
14985 15354
14985 3987
6452 21242
2631 20784
2636 21987
2636 21519
2636 15592
2636 18010
2637 17016
2642 9725
2642 5208
2642 17846
2642 6660
2642 20249
2642 9169
2642 13735
2642 8201
2646 16422
2651 8237
2655 14889
2655 20810
2658 7691
2658 6015
2658 11559
2661 13823
2676 11332
2678 5990
2684 11332
2686 18592
2688 21512
2692 3437
2694 7664
2694 7865
2701 16211
2705 14325
2705 12329
2705 20933
2705 14009
2708 13343
2725 10342
2728 7170
2730 14248
2732 15198
2732 17858
2738 15346
2739 20810
2740 3200
2740 4935
2740 12046
2740 11394
2743 7162
2744 5456
2744 17523
2744 20967
2744 7336
2749 11504
2750 6011
2755 21662
2755 8190
2759 11332
2769 10232
2769 5216
2773 13095
2781 3188
2781 12173
2791 19435
2792 8190
4191 5220
2801 4384
2801 19885
2813 13153
2813 5718
2814 22338
2820 10949
2820 6038
2820 5225
2820 4855
2820 3203
2820 14174
2820 9258
2822 11332
2828 7314
2837 9646
2837 17323
2837 17142
2837 7974
2837 8936
2842 16876
2842 15250
2842 13488
2842 20517
2842 19743
2842 16328
2842 16728
2842 6249
2842 11092
2842 10054
2842 21489
2842 12280
2842 9774
2842 264
2842 7565
2842 21729
2842 19553
2842 19308
2842 11295
2842 21550
2842 13653
2845 22329
2854 11559
2856 11384
2856 12956
2856 17983
2858 5867
2858 21554
2858 10005
2858 5636
2858 17771
2858 19448
2858 10566
2858 5351
2858 7790
2858 9423
2858 18124
2858 11033
2858 13323
2858 17401
2858 15037
2860 15110
2860 1719
2860 20559
2860 18886
2874 13095
2890 19362
2892 17502
2898 14699
2902 19836
2902 20967
2904 11332
2905 20491
2905 11557
2911 6095
2920 10945
2925 7705
15347 19730
2933 3779
2933 15742
2933 13742
2935 16887
2942 8755
2943 12982
2944 21981
2944 18728
2944 9667
2944 19124
2947 11785
2947 14607
2947 9322
9112 9606
9112 6238
9163 11557
2958 6089
2958 13829
2958 15072
2972 8118
2972 11394
2973 19836
2973 21844
11676 12071
2981 3432
2982 18819
2982 15878
2986 4453
2990 13886
2991 11332
2994 7449
3000 19503
3004 4656
3004 17642
3004 9677
3004 20822
3004 18852
3004 14249
3004 10996
3004 15742
3004 13742
3004 4329
3004 10244
3004 21740
3009 17523
3015 7452
3017 11092
3018 21356
3023 10609
3023 16688
3023 20510
3027 18781
3034 18038
3034 4857
3037 17983
3038 7096
11212 10797
11212 11507
11212 8921
11212 21272
3051 4721
3056 18115
3058 11295
3058 3917
3061 12972
3061 21598
3061 20927
3062 17858
3069 6206
3069 6815
3073 11332
3073 17983
3074 6859
3075 4909
3086 22220
3086 12837
3091 20083
3111 19859
3115 10749
3115 12071
3115 5411
3116 9283
3118 6881
3129 22144
3129 17543
3129 19261
3130 6290
3130 8724
11704 13095
3151 16444
3153 21784
3153 1987
3153 21662
3153 11795
3154 13281
3154 21987
3158 10749
3158 18664
3177 17502
3184 20212
3187 22297
3188 9359
3188 21210
3188 8001
3188 10160
3193 4474
3194 12570
3200 22178
3205 18343
3205 13731
3205 8921
3205 19261
3205 11201
3205 9412
3206 14270
3210 17142
3212 15769
3213 5082
3218 19364
3222 5456
3222 5232
3222 6340
3222 13153
3222 7702
3222 15941
3223 6340
3229 20319
3229 17840
3229 19377
3229 16355
3251 10594
3252 4584
3252 17523
3252 19836
3252 21951
3252 4678
3253 10139
3256 21987
3263 6168
3265 21054
3269 11343
3269 5149
3269 264
3269 9077
3269 2416
3269 7370
3269 17047
3269 20872
3270 11332
3280 4003
3280 11453
3280 17633
3283 14699
3299 21662
3302 6338
3302 9817
3302 3898
3302 15788
3302 6404
3302 8517
3302 6832
3302 12446
3302 20981
3302 17014
3302 22376
19904 7251
3318 7251
3319 4851
3319 8237
3319 9052
20033 10209
3338 11947
3341 5716
3342 20070
3342 14043
3346 10743
3354 15979
3354 18343
3354 12158
3355 3549
3370 13095
3373 9891
3377 11295
3377 1618
3377 21772
3377 17831
3377 11003
3377 19127
3383 11536
3384 18553
3394 11620
3400 6206
3400 10594
3400 3047
3404 11332
3408 11519
3420 8131
3420 9359
3420 13323
3420 15073
3420 15311
3425 9775
3428 18966
3428 9220
3428 15236
3428 10319
3428 8883
3428 16895
3428 9319
12812 9891
3432 11273
3432 5458
3432 8754
3432 11762
3432 11231
3432 18966
3432 11449
3432 9310
3432 17691
3432 13742
3432 10345
3432 15385
3432 5495
3432 12017
3432 18062
3432 11634
3432 16560
3432 15871
3432 8004
3432 1053
3432 17099
3432 21157
3432 18216
3432 15236
3432 7966
3432 15742
3432 18852
3432 9319
3432 3892
3432 21740
3432 8883
3432 18858
3432 3128
3432 16895
3443 21222
3449 3855
3451 3483
3456 13290
20761 16729
3467 5131
3469 4909
3472 17516
3472 8417
3472 11324
3472 13731
3472 9188
3472 6914
3472 12664
3472 11102
3472 11134
3475 9891
3475 4438
3479 12083
3479 8005
3479 22338
3488 11256
3488 5687
3491 11332
3493 17523
3493 20967
3499 11332
3503 18716
3504 3917
3504 17667
3507 16709
11775 13095
3526 15198
3532 11332
3541 8286
3541 6737
3541 14383
3541 5156
3541 16554
3541 7165
3541 17128
3541 4742
3541 14485
3541 20695
3541 9343
3541 14660
3543 10749
3549 5869
3549 476
3549 13735
3549 10123
3549 13294
3550 15507
3552 7000
3553 15449
3553 13678
3553 14277
8606 4189
8606 20346
8606 20181
8606 22331
8606 16961
8606 20725
8606 3830
8606 3792
3556 5099
3556 19757
3556 10240
3557 16137
3561 21987
3564 13691
3564 21114
3564 10849
3564 17983
3573 10005
3574 18337
3576 13680
3577 4979
3584 17983
3585 8473
3586 18728
3589 13965
3589 18412
3589 21054
3592 9445
3592 18092
3606 8237
3606 9052
3612 12461
3616 12091
3616 6722
3616 21054
3616 19581
3616 21955
3616 4143
3619 21229
3623 16116
3627 21751
3628 9939
3629 11756
3629 5465
3629 5514
3629 15073
3629 9441
3629 17014
3629 11158
3629 14966
3630 16355
3630 11332
3631 8439
3631 6029
3631 19658
3644 20967
3645 14653
3645 17323
3645 17047
3645 16692
3645 5208
3645 13735
3645 20532
3652 7496
3664 13302
3664 20510
3664 14428
3664 16420
3672 12392
3672 21762
3677 15346
3678 20408
3683 8113
3684 13649
3691 11332
11803 8237
3695 9287
3695 11332
3695 14484
3699 8446
3702 20141
3705 10820
20135 11332
3709 21662
3714 21756
3714 21522
3720 20748
3720 13691
3726 10264
3726 10452
3726 5193
3726 11745
5228 3736
3735 9692
3754 18698
3766 6987
3772 20578
3772 20217
3778 12305
3783 8237
3792 7865
3793 5631
3802 15828
3805 13095
3808 13777
3814 11332
3830 11617
3830 6838
3830 21560
3830 5099
3830 11644
3830 6409
3830 13445
3830 5212
3830 20026
3830 8883
3830 11825
3830 3867
3830 5465
3830 21013
3831 9359
3836 6963
3836 5365
3836 11130
3838 8727
3838 19836
3844 13742
3844 15523
3848 11332
3852 9126
3855 21247
3855 21637
3862 17075
3862 19366
3862 6130
3862 18854
3862 13691
3864 11332
10113 21987
3887 6248
3887 14880
3887 6330
3887 17149
3887 4095
3887 22102
3887 5108
3889 11332
3889 9946
3891 4584
3891 21951
3892 8755
3892 11332
3896 15755
3896 6115
3898 12982
3898 13721
3909 13095
3911 13095
3914 16156
3917 14358
3917 4448
3917 13471
3917 11169
3917 18408
3917 15616
3918 4396
3919 13690
3919 13649
3919 18886
3919 3935
3919 9352
3919 7966
3919 15742
3919 18852
3919 12408
3919 8540
3919 14981
3919 6481
4372 20083
3924 21179
3924 10115
3924 14383
3927 6115
3927 6334
10694 17523
3935 9287
3935 16609
3935 16887
3935 12956
3935 17154
3935 20693
3945 11088
3945 5212
3945 19721
3945 19347
3945 7966
3945 11716
3945 13602
3948 17983
3949 20872
3962 5869
3962 21645
3964 21229
3965 12305
3965 6648
3973 17502
3973 10291
3999 17858
4003 5456
4003 5232
4003 17858
1618 17304
1618 5333
1618 7691
1618 15449
1618 21054
1618 21240
1618 6859
1618 5739
1618 21955
1618 16730
1618 19956
1618 5499
4019 11332
4022 12305
4028 15625
4028 11332
4030 7362
4041 21709
4042 11332
4049 10209
4051 7932
4051 8477
4051 21139
4051 19174
4051 12798
4051 17917
4051 14948
4051 15897
4051 12220
4051 12486
4052 15116
4052 7966
4055 18966
4057 12083
4058 20414
4058 4283
4061 15346
4062 11072
4062 15592
4064 15755
4064 21750
4064 9287
4064 10805
4064 12071
4064 17983
4064 2047
4064 17212
4068 7360
4068 5490
4068 8050
4068 17700
4068 12204
4068 20383
4068 11392
4068 6771
4068 12644
4068 13873
4070 11167
4074 6267
4075 7005
4076 17983
2098 13742
2098 12010
4082 22302
4086 9414
4086 21747
4086 11158
4086 19596
4086 7974
4086 8518
4091 4338
4093 13191
4093 19631
4095 17725
4095 6015
4097 13095
4099 20967
4105 21539
4106 16479
4111 19970
4111 11329
4111 7964
4111 16328
4123 21163
4123 10085
4127 12461
4127 18064
4132 16650
4141 9620
4141 13439
4144 16406
4149 7966
4152 18385
2673 11332
2673 20083
4166 18288
4168 7679
4169 9138
4169 11372
4169 19049
4169 20481
4171 13323
4171 10256
4171 18495
4173 21561
4173 13337
11874 11108
11874 8554
4178 9052
4179 11332
4180 15699
4189 6312
4189 15969
4189 9352
4194 17047
4195 13471
4196 20083
4199 7800
4199 4809
4210 9283
4220 9287
4225 16660
4228 9352
4228 11826
4230 22093
4231 7496
19377 22443
19377 13426
19377 5325
19377 5212
19377 11626
19377 13742
19377 14249
19377 4249
4257 16444
4257 7171
4257 17014
4257 18743
4257 5698
4257 18991
4257 15676
4257 4922
4263 15346
4265 20436
4265 19943
4278 22095
4280 5663
4283 7110
4283 11072
4283 15592
4283 21519
4283 17983
4283 21662
4284 18195
4284 19624
4285 8672
4290 15185
4290 14551
4290 11202
4290 7966
4290 6961
4296 7162
4296 9891
4296 4474
4296 12628
4296 9196
4296 8390
4296 8512
4296 16278
4299 6176
4299 14158
4304 2974
4306 12672
4306 14577
4308 19743
4308 21729
4318 11890
4320 21114
4321 9087
4321 12188
4322 19458
4328 11332
4328 11557
4329 11332
4329 8245
4329 17983
4331 14694
12272 8237
4334 20212
4336 14490
4337 14621
4338 11859
4338 8113
4338 12948
4338 12506
4338 18883
4338 8274
4338 5741
4338 4496
4348 7800
4348 20516
4348 16549
4350 16355
7982 17474
7982 14619
7982 20170
7982 12573
7982 17983
4354 14003
4354 8936
4358 16033
4368 22421
4368 7798
4368 5897
4368 20822
4368 9882
4368 16519
4368 10244
4368 21188
4369 11975
4382 17254
4382 12099
4382 20023
4382 21728
4382 6174
4382 4826
4382 7848
4382 21089
4396 5156
4396 13517
4396 8831
4399 13095
12848 4498
4412 19671
4424 14496
4432 20083
4438 8094
4441 17019
4443 21054
4443 9891
4443 21955
4452 9287
4453 11332
4453 11203
4461 13095
4465 15828
4465 7130
4471 12399
4474 9881
4474 18416
19981 22329
19981 17738
4480 17392
4483 7970
8194 13480
6800 22265
4496 20875
4499 11332
4499 20829
4499 11959
4501 11390
4502 13095
4502 10749
4502 11332
4502 17983
4502 9939
4503 20967
4518 9439
4518 9939
4528 5149
4528 5299
4528 9359
4531 5306
4531 15116
4531 15366
4534 19201
4534 13430
4540 15346
4553 13302
4553 14428
11935 20083
11935 13231
15613 17320
15613 13849
15613 9211
15613 1905
15613 12592
4560 13095
4560 9939
4564 18229
4568 7005
4568 14248
4568 12793
4568 14841
4568 17867
4568 11678
4568 20454
4579 11230
4579 11332
4584 11324
4584 9259
4584 8230
4584 22173
4584 20624
4584 16774
4584 13039
4584 20281
4584 6940
4584 7945
4584 11507
4584 10978
4586 14168
4587 21600
4587 19624
4593 7588
4602 8144
4604 12548
4615 17502
5433 11899
4625 14619
4634 16033
4637 14432
4637 14106
4637 16554
4644 15097
4644 15033
4644 3167
4655 22416
4655 1370
4655 13873
4655 22151
4656 12204
4656 15699
4656 11795
779 20399
779 18254
779 10203
779 18719
779 11960
779 21255
779 20638
4663 7042
4663 20928
5784 6095
4672 13095
4675 13128
4675 15680
4678 20768
4678 11016
4678 16787
4678 19553
4678 21849
4678 20697
4678 17549
4678 17726
4689 13095
4691 9901
4692 16729
11962 20083
4699 13610
4699 20206
4701 21054
4701 7162
4701 21240
4701 15391
4701 20083
4701 14619
3523 13635
6015 11536
6015 14880
6015 14697
6015 7974
4716 11046
4716 7686
4716 21284
4722 6518
4722 11745
4729 16033
4729 18494
4737 14043
4738 20967
4742 4864
4750 17502
4750 10804
4751 10248
4751 16542
4751 17392
4754 17950
4754 18871
4757 8587
4764 17014
4773 11332
4775 13742
4775 14981
4775 9881
4779 11332
4784 18886
4786 7010
4793 11003
4793 21362
4796 12790
4801 5590
4804 8738
4806 14814
4809 13691
4809 20810
4809 18664
4809 13388
4809 18180
4809 20083
4823 5201
4825 7110
4825 20750
4825 19787
4825 14228
4825 15592
4825 19581
4825 7586
4825 20810
4825 11230
4825 15074
4825 5219
4825 12521
4825 11072
4826 13396
6753 19767
4836 14596
4836 21222
4836 7155
4839 10681
4841 13166
4841 18066
4846 17890
4846 14003
4846 17401
8251 1889
6858 12677
4852 13128
4852 18408
4856 14912
4856 12083
4856 22338
4857 6771
4858 14248
4860 18344
4862 15137
4863 21987
4864 13727
4864 18128
4864 22171
4864 7800
4864 19743
4864 6815
4864 7536
4864 21729
4864 11003
4864 10379
4864 11746
4864 3880
4864 22208
8253 13003
8253 6341
8253 17296
4870 21987
4873 19723
4873 7452
4879 8113
4879 20421
4879 16278
4879 20305
4883 6062
4888 10454
4889 16033
4900 13371
4901 22338
4906 11332
4909 11193
4909 19515
4909 8874
4909 17056
4909 17386
4909 10241
4909 6552
4909 19978
4909 16960
4909 18155
4909 13294
4909 19000
4909 9987
4909 9176
4909 21120
4909 12461
4909 19415
4909 10783
4909 12911
4909 14680
4909 8972
4909 7015
4909 6926
4920 16922
4920 20083
4936 15977
4941 8666
4946 18693
7351 17502
4948 21878
4948 17208
4948 14240
4948 7010
4948 19852
4950 12824
4950 2568
4950 11400
4950 14228
4950 16513
4950 8110
4956 21004
4956 7880
4956 10670
4956 6213
4956 9077
4956 16728
4956 13945
4956 17596
4958 14375
7367 9677
7367 14067
7367 10244
7367 7412
21185 9287
4983 11892
4984 16484
4985 15073
4987 15680
4987 21403
4991 10749
4992 6763
4992 18866
4992 10718
8272 6095
4996 10346
4996 20118
4999 8992
7705 13742
5019 7711
5023 17983
4557 7231
4557 11603
5030 10264
5041 15449
5045 4708
8029 14031
12019 10394
12019 13064
5064 11332
5064 9946
5070 13083
5070 14377
5071 6842
5071 11795
5071 7010
5077 22144
5077 19017
5077 14157
5077 18969
5077 19261
5077 8803
5077 12252
5077 15744
5078 21473
5089 16903
5089 15694
5098 21784
5110 17858
5115 13441
5120 17123
5121 20872
5121 17014
5129 20731
5129 11003
5129 18704
5131 9237
5131 7766
5131 12046
5142 5990
5149 11291
5149 8237
5149 8060
5149 1889
5149 17683
5152 20119
5159 13044
5161 9336
5168 11532
5168 7336
5168 21997
5168 14641
5168 18954
5168 19612
5168 18367
5168 22372
5168 17267
5168 15348
5168 7225
5182 4618
5182 5820
5183 11332
5183 17983
5198 10446
5198 18854
5199 22353
5199 22329
5201 13471
5201 18273
5208 11720
5209 10278
5212 11795
5212 10745
5212 11463
5212 16355
5212 7487
5212 20319
5212 11332
10442 12203
5214 17198
5219 20493
5221 7887
5229 1987
5229 12677
5232 8015
5239 21054
5239 12839
5260 22228
5266 7095
5271 9332
5284 11146
5285 6340
5285 21955
5299 8060
5299 8168
5299 1889
5307 11332
5309 16532
5315 7378
5322 11291
9365 6412
5333 6344
5335 8168
9692 19868
9692 10952
9692 19347
9692 13790
9692 18744
9692 15236
9692 18613
9692 10379
9692 8883
8325 8477
5351 19817
5351 17725
5352 9287
9865 12772
18828 12071
9898 17983
5371 21184
5382 11332
15750 11743
9980 22144
5390 6158
5394 12415
5395 10341
5395 12975
5395 16838
5395 15315
5396 13742
5396 5899
5398 11332
5398 19843
5400 14249
10064 10743
10086 13633
10086 16378
5414 5985
5414 17323
15755 18015
15755 5465
15755 20770
15755 5926
15755 14981
15755 19437
15755 17014
5417 14577
5422 11892
5422 20584
5422 5948
5422 22421
5422 14804
9336 9026
9336 20260
9336 20591
5432 9939
4619 20516
4619 22396
13262 6450
13262 10252
4979 9395
5447 7853
10344 15592
5453 17933
5453 16903
5456 9561
5456 13731
5456 21438
5456 12209
5456 20314
5456 13508
5456 12217
5456 7709
5456 11134
5458 8755
5458 19843
5458 11332
5458 9939
5463 14532
5465 20750
5465 6842
5465 14840
5465 7487
5465 16993
5465 6932
19594 10346
19594 8489
20550 7691
20550 21955
5483 13597
5483 10606
5483 16771
5486 7320
5486 20766
5490 6068
5490 8362
5490 17135
5495 12580
5495 16355
5499 6961
5499 17744
5500 7736
5511 21380
5514 6932
5514 14840
5518 11332
5523 6490
10803 20639
10803 21987
5529 8992
10827 20254
10827 7262
10827 10364
5539 17983
5548 7171
5548 15916
12100 14290
5557 10426
5561 11158
5561 7042
5561 20734
5561 9882
5564 6506
5565 17502
5578 17917
5578 6513
5587 15909
5588 7829
5588 22131
5597 9891
5598 11332
11295 9672
11295 19183
11295 17161
11295 16905
11295 11500
11295 16736
11295 13992
11295 21403
11295 20083
11295 17378
5610 20326
11354 7879
5622 13095
5622 15909
5623 11332
11402 8131
11402 14764
5631 8507
5631 9557
5631 10925
5633 20083
5636 19423
5636 17502
5636 6340
5636 17523
5636 20967
5636 17983
5637 18918
5637 21843
19618 11459
5640 17275
5640 19375
5648 11230
5648 11203
5650 13095
5655 7200
5661 6703
5666 11785
5671 21654
5683 7487
11721 13742
11721 7000
11721 14270
11721 9087
11721 11092
5686 9646
5686 13829
5686 14186
5692 21065
5694 15742
5694 11875
5694 7000
11836 10732
11890 20750
11890 14097
5719 17560
5719 12588
5721 18183
5721 15556
5731 12264
5731 18808
10114 16606
10114 15099
10114 20362
5741 16470
5755 12305
5764 14248
5772 11892
12280 12305
12280 8450
12280 11459
12280 12071
12280 11557
12280 5716
12280 11332
5799 6293
19648 17502
12452 17415
5808 12302
5808 14176
11227 18788
5828 7711
5828 18866
5828 11332
5831 15941
12703 21987
5846 8197
5851 1370
5855 11332
5867 21229
5867 17502
5869 20151
5869 16361
12949 12305
12949 11332
5893 12677
5893 14228
5896 15909
5896 13095
5897 9939
5899 17509
5899 10931
5899 17558
5910 8755
5911 21608
5918 8755
5918 21356
5918 17154
5920 21955
5934 7679
13281 8242
13281 15208
5942 19836
5948 10606
5948 21413
5948 21845
5948 20436
5948 6097
5948 20863
5948 20504
5948 21214
5948 19943
13371 13302
15852 14399
13417 8115
5971 10743
5981 17502
5982 11230
5982 12521
21987 8286
21987 9243
21987 19783
21987 12534
21987 10090
21987 13285
21987 10844
21987 8805
21987 6815
21987 12852
21987 15285
21987 14063
21987 9035
21987 9754
21987 22171
21987 8544
21987 9175
21987 2751
21987 9343
21987 17645
21987 14660
21987 5698
21987 14383
21987 16083
21987 13351
21987 17398
21987 2409
21987 15824
21987 15648
21987 21902
21987 10070
21987 18743
21987 21536
21987 13291
21987 21658
21987 7165
21987 11746
21987 15470
21987 16554
21987 20658
21987 17373
21987 10511
21987 20695
21987 12252
21987 9192
21987 11016
21987 21179
7203 8600
7203 14868
5990 12797
12169 17212
12169 12071
5994 11332
5994 16853
5994 11557
5999 19039
6011 10039
6011 14090
6011 14249
4710 6032
6023 7360
6023 10816
6023 7012
6023 20633
6023 12204
6023 22331
6023 15156
6023 9636
6023 10096
6023 19399
6023 15386
6023 19983
20148 17020
20148 15511
20148 9109
6033 7887
21231 15909
21231 13095
21231 9939
6059 2206
6061 21536
6061 17326
6070 12426
6074 14872
14057 9287
6085 15699
6085 8746
6086 11072
6086 15592
6089 14872
6092 21423
6092 13290
6095 18705
6095 21214
6095 12765
6095 14507
6095 8414
6095 10621
6095 9610
6095 16598
12190 17983
6102 11686
14298 6471
6115 13598
6115 14031
6115 8883
6115 18966
6115 10594
6115 7966
6115 22040
6115 11846
6115 9319
6115 12353
6115 6213
6115 21606
6115 16895
6115 15236
15885 17983
6119 20226
6119 18105
14484 19389
6151 13095
6156 6176
6158 16728
6158 20363
6160 12573
17444 19739
6166 13027
12888 7773
12888 6877
6173 14043
6173 11818
6173 22210
6174 22421
6174 11657
6174 9300
4747 13095
6180 15289
6190 7029
6190 7251
6190 19302
6190 21438
6196 8129
6204 18010
6206 19362
6206 13399
6206 19921
6206 6722
6206 13680
6206 7162
6206 15473
6213 11104
6213 16851
6213 22005
6213 14693
6213 19472
6213 18203
6213 17582
6213 18883
6213 16135
6213 3954
6213 13642
6222 13095
6232 13095
6243 12677
6243 21662
6243 1987
6245 16960
6245 5632
6245 10241
6245 13294
6245 9176
6245 21120
6245 12461
6245 10783
6245 19000
6245 6926
15913 12982
6259 10331
6264 15909
6267 12470
6267 12416
6267 12972
6272 21662
6272 15310
6272 21972
6290 21784
6290 12721
6306 14003
6307 16853
6319 2001
6319 19524
6319 16479
6321 22329
6321 7251
6321 12574
6321 21605
15530 8153
6331 15592
6334 12440
9602 17686
6338 13721
6340 12648
6340 12209
6340 15072
6340 15073
6340 11507
6340 13849
6340 18118
6340 21438
6340 22010
6340 9829
6342 9052
6344 9858
6344 13691
6344 9946
6344 9891
6347 14140
6353 18283
6356 22329
6357 7512
6367 19341
6369 6513
6379 10890
6382 3047
6390 15367
6390 17523
16018 13294
6404 13721
6422 9439
6432 19803
6432 8985
6432 6764
6432 12674
6433 12677
6436 20967
6439 7800
6439 10670
6441 13095
6453 9439
6461 10872
6461 8292
6467 13853
6473 11332
6475 7800
6477 12573
6481 6596
6481 16609
6481 17154
6483 17983
16577 4851
16577 1889
16577 8060
6489 3167
6490 8276
6507 17586
6511 9042
6518 8921
6518 12252
16853 19743
16853 16131
16853 20024
16853 21729
6530 11003
16922 16328
6541 9319
6541 18966
6541 8883
6541 16895
6541 15090
6550 11211
6556 17983
6578 17983
6588 21276
6588 16293
6588 13550
6609 10594
6611 17421
6617 18850
6618 8237
6622 17867
4816 20693
22405 11332
22405 12305
19417 8001
6066 11332
6066 16265
6648 15918
6648 15249
6648 13727
6648 13789
6648 18454
6655 14872
6659 9891
6660 16170
6661 22433
6661 2924
6665 8369
6666 21951
6667 11875
6667 11507
6673 21536
6677 16033
6703 14955
6717 22020
6722 16832
6722 12837
6722 18952
6722 16910
6722 21004
6722 10670
6723 12768
6729 8190
7966 17474
7966 5411
7966 6114
7966 11809
7966 13095
7966 16609
7966 8034
7966 10718
7966 16183
7966 9614
7966 12956
7966 20693
7966 17863
7966 16993
7966 6932
7966 10749
7966 19723
7966 19762
7966 18890
7966 17305
6763 7800
6763 22329
6763 12372
6763 19621
6763 11507
6763 9087
6763 8133
6763 7251
6763 22328
6763 14551
6766 7586
6766 20523
6768 21489
6769 8565
6771 8362
6771 17135
6771 17847
6773 19762
6773 9287
6773 11809
6773 22306
6773 7158
6773 12677
6774 4546
6774 8664
6779 21644
16017 11785
16017 19519
16017 10108
16017 9291
16017 9322
6783 11375
6786 11118
6789 14988
6789 14181
6789 22299
6796 19730
16387 4546
16387 13965
16387 13680
6806 11332
6810 12252
6810 8417
6810 22144
6810 13731
6811 16727
6815 18985
6815 17458
6819 11111
6819 16480
6825 12708
6832 13721
6834 7848
6836 6932
6836 20965
6836 13618
6842 8587
6842 17014
6857 19448
6857 15772
4851 19593
4851 11273
4851 16880
4851 11762
4851 9359
4851 21398
4851 15073
4851 22162
4851 20046
6859 17126
6859 11536
6859 18343
6859 22260
6859 10013
6859 18345
6859 18694
6859 18039
6859 16328
6859 11579
6859 18115
6859 9514
6866 8168
6871 22267
16748 9891
6873 12497
6873 13187
6877 22330
6901 10972
6930 22381
6930 14104
6932 10345
6932 11343
6932 5306
6932 13742
6932 15073
6932 17014
6932 20770
6932 9359
6934 19534
6936 17502
6938 11585
6940 11501
6940 21951
6940 21336
6955 9677
6961 13471
6961 13128
6961 21942
6961 16993
6961 8173
6961 18719
6961 16270
6961 12204
6961 17378
6961 12082
6965 12359
6965 18394
6969 9079
6972 13726
6972 14868
6987 20012
6987 19617
6987 12031
6987 19038
6987 19189
6987 16472
6987 20206
6992 18449
6992 17304
6994 14043
7000 18866
7000 13128
7000 18708
8587 18063
8587 20489
7005 8837
7005 7463
7005 8531
7005 13464
7005 21277
7005 10757
7005 13003
7010 19743
7010 21729
7010 20768
7010 16869
7010 10379
7010 7694
7010 16093
7012 13022
7012 13746
7014 20046
7016 15173
7017 16420
7017 10670
7017 9441
7033 11003
7034 1162
7041 14404
7041 17867
12333 18975
12333 22338
7048 5890
7048 17502
7055 17502
7057 11072
7057 15592
7057 21519
7063 11743
7063 13323
7063 17014
7071 20029
7076 17523
7078 10749
7087 21536
7087 14790
7095 14248
7095 11678
7096 10364
7102 9677
7102 14001
19856 8216
19856 14981
7108 10346
7108 8489
4911 11332
4911 22020
7134 8489
7144 21222
7144 17744
7145 8826
7145 9509
7145 11678
7145 20195
7145 14248
7155 12956
7157 17502
12353 11332
7161 11332
7161 12912
7162 18343
7162 20516
7162 7341
7162 11329
7162 8446
7162 10013
7162 17022
7162 10594
7162 11185
7162 12569
7162 6029
7162 16328
7162 21780
7165 18010
7165 10905
7165 1370
7168 20622
7170 11598
7171 20534
7171 1370
7171 11392
7173 8336
7173 21998
7174 9646
7181 8664
7182 18424
7187 11892
7192 22338
7197 9703
7198 11332
7198 13095
21011 15137
7206 5972
21189 9287
7224 14790
7225 12044
7225 15072
7225 8554
7225 15073
7225 21065
7225 21438
7230 13645
7230 9211
7233 2291
7233 14948
7233 13795
7251 18303
7251 20096
7251 21269
7251 16852
7251 7746
7251 19235
7251 10718
7251 13399
7251 17710
7253 19877
7269 14043
7273 18984
7291 8974
7291 21489
7297 9392
7298 10098
7303 19581
7303 18924
4942 11158
4942 14490
7314 9018
7325 13095
7336 9042
7340 9359
7341 21054
7341 20083
16115 16075
7350 18396
1149 20395
7368 10727
22328 17392
22328 11332
7388 8001
4926 14027
16131 10140
16131 13128
16131 17983
7410 9077
12392 6129
7421 17509
7429 18866
7434 21878
7438 16851
7438 15315
7442 17523
7452 15289
7456 13095
7456 9939
7462 11557
264 18892
264 12071
264 8990
7467 17983
7467 13095
7467 11332
7469 14202
7469 12823
7471 11899
7474 20924
7474 12250
7474 8766
7474 19307
7474 20042
7474 19440
7474 14790
7474 19509
7487 21013
7487 9774
7487 16560
7487 16921
7487 8883
7496 13158
7496 13448
7500 11158
7500 8139
7501 12875
7501 21065
7502 12071
7520 10790
7536 13680
7536 14619
7537 11574
7537 21790
7540 19384
7546 11033
7553 8336
7556 11332
7557 9226
7558 17983
7571 16696
7586 9077
7587 18304
7589 14240
7589 21790
7589 9254
7590 14216
7602 20784
7602 11501
7602 14396
7602 17753
7607 20967
7617 8654
7617 21916
18957 11332
18957 17983
7624 11343
7626 458
7629 14478
7653 10749
1431 20319
7664 16838
7664 16887
7664 17392
7664 15707
7676 8706
7676 20174
7679 19405
7679 8791
7682 15315
7683 20968
7691 14804
7691 20741
7691 21767
7691 7974
7691 19127
7691 14880
7691 17744
7691 22102
7691 11536
7694 21878
7694 19852
7694 9439
7711 15980
7711 21129
7711 22181
7719 9287
7720 11003
7722 9506
7723 6116
7735 12580
7735 20693
7735 12354
7735 20319
7736 22207
7738 9042
7745 22167
7749 14872
7750 10228
12456 8215
12456 15414
7761 11332
7761 15616
7761 11061
7761 6784
7765 12305
7765 21350
7766 22178
2013 17502
2013 18924
7773 13003
7779 17502
7781 10475
2113 14216
2113 18010
7793 10749
7793 13095
7795 14049
7795 21930
7797 22010
7798 22428
7798 11392
7798 18409
7798 9924
7800 13865
7800 13691
7800 18883
7800 11899
7800 21662
7800 20083
7814 13635
7824 14808
7824 14410
7824 7830
7824 14734
7833 14043
7833 13911
7837 9109
7841 18866
7848 19134
7848 14067
7848 20584
7848 14398
7848 17838
7858 14872
7865 16887
7876 17733
7887 19389
7887 21665
7887 9359
7887 12283
7892 20967
5670 14544
7911 14377
7911 12305
7911 17983
7911 15447
7911 18043
7911 8163
17869 21525
7919 15680
7921 21431
7924 18866
7930 18055
7932 17497
7932 3047
7933 14996
7933 13554
7934 10727
7941 18040
7943 12757
7945 12399
7945 12521
7945 19836
7945 21844
7953 19606
7953 20584
7957 20083
7961 11332
7974 10354
7974 9891
7974 21061
7974 21662
7974 12564
7974 16392
7974 11559
7975 19445
8759 8918
8759 21355
7983 8727
7993 8190
7994 13746
7998 13435
8001 20810
8001 18195
8001 21662
8001 12426
8001 4554
8001 10543
8001 15938
8001 9226
8001 14948
8001 16492
8001 9492
8002 11332
8004 11332
8004 9946
8005 8197
8008 8700
8015 20967
8021 3821
8026 17778
8035 13083
8044 14248
8050 8362
8050 9881
8050 14249
8054 14035
8057 12071
8060 8131
8060 9359
8060 15183
8072 12204
8074 17304
3821 21750
3821 12071
3821 17212
3821 19956
8087 11073
12526 20129
12526 11343
12526 17181
12526 9077
12526 15657
3912 13909
8098 9287
8098 12677
8106 9052
16261 12204
8123 10383
8133 10718
8138 18274
8139 9096
8139 8755
8139 10749
8139 9939
8148 18396
8162 16437
8163 22186
16988 13659
16988 18396
8168 11274
8168 14193
8168 15073
8168 21522
8168 12656
8168 20779
8168 17369
8168 15561
8168 22010
8168 17898
8168 12217
15110 9939
8173 18026
8179 14619
15810 16869
16275 12988
8188 9359
8188 12440
8188 22010
8190 9384
8190 14354
8190 22016
8191 15976
8197 15904
8197 10277
8197 18274
8197 17983
16282 12399
8215 9552
8216 9939
8216 13095
8218 21519
8218 15592
8230 21951
8230 8866
8230 13926
8232 13095
8232 8755
8237 20902
8237 17581
8237 16880
8237 14113
8237 9138
8237 18277
8237 19876
8237 9359
8237 14219
8237 19705
8237 21398
8237 18280
8237 21897
8237 8749
8237 19083
8237 11426
8245 20856
8245 14981
8245 13116
11384 8841
11384 10550
8263 15909
8274 21489
8274 18982
8274 2608
8274 18952
8274 18886
8274 14981
8274 14804
8274 18416
8279 13597
5086 13257
5086 19757
5086 10748
5086 8974
5086 13441
5086 10594
8286 20159
8286 18010
8286 10905
8286 1370
8293 20709
5206 17983
8311 19739
8311 9646
8312 10346
8316 13095
16305 14714
8329 11291
8336 15346
8336 19148
8336 21662
8337 16469
8340 9499
12377 17843
8346 16469
8346 14040
11880 17889
11880 22266
8357 17866
8364 15137
5107 18886
5748 11332
8381 12305
8381 20572
8387 14840
8389 11332
8390 16120
8403 15562
8409 19334
8409 14249
8417 10454
8417 8466
8418 14715
8425 11837
6121 10527
8446 13726
8446 10606
8446 19943
8446 12071
8450 13435
8450 13323
8466 18499
8471 9939
8476 19432
8476 9118
8477 3047
8477 11158
8482 15909
8489 14853
8489 10439
8489 22052
8489 9759
8489 11118
8489 22299
8495 12187
8502 12305
8510 16618
8510 19220
8510 15154
8512 10984
8516 13095
8517 13721
8518 19360
8525 8769
8525 19384
8525 19509
8526 13742
8527 21784
8529 12846
8529 15074
8529 6168
8529 11557
8531 20260
8531 17895
8531 22070
8531 10195
8531 18240
8531 14248
8531 18831
8531 11678
8531 12793
8531 17867
8533 12757
8533 12305
8533 11332
8533 11557
8535 11588
19074 12521
17831 11500
17831 16496
17831 21403
17831 20083
8551 10515
8555 14551
8557 18866
8565 8184
11545 11892
11545 15610
8577 10594
8577 21608
8579 12071
8590 9939
8600 12837
7126 14003
7126 17890
7137 2071
16349 8113
8614 22302
8614 18038
8614 10265
8614 12558
8614 15869
7272 21600
8631 21770
8640 11332
8646 17983
8654 19826
8664 21608
8664 17681
8664 11358
8666 17088
8666 21563
8669 12067
8669 15828
8672 14577
16361 18216
8674 16566
8674 18374
8674 21240
8674 20003
8700 10749
8700 22005
8700 11332
8700 17983
8706 13731
8708 15183
8710 14757
8715 15346
8718 11332
14049 12305
14049 11332
14049 20843
14049 17983
8724 8113
8724 20141
8724 22433
8724 17983
8727 8413
8727 19583
8727 12498
8727 12444
8727 11102
8727 17740
8727 15957
8727 13235
8727 20510
8734 21784
8734 19852
8738 11892
8738 18075
8746 14181
8749 9052
8751 14248
12658 17502
8753 17502
8755 22224
8755 11846
8755 19573
8755 11449
8755 11498
8755 10850
8755 20892
8755 21948
8755 15236
8755 20586
8755 10014
8755 16895
8755 11341
8755 19027
8755 18842
8755 18966
8755 13428
8755 17010
8755 8869
8755 19893
8755 8926
8755 12247
8755 15090
8755 15742
8755 12283
8755 21583
8755 12098
8755 12464
8755 9319
8755 8883
8755 18951
8755 16295
8755 14966
8762 9792
8762 8246
8763 21878
8763 9439
8763 19852
8765 11332
8767 22175
8803 14745
8805 10905
8246 11710
8246 21618
8809 11465
8826 7252
8826 14790
8831 11332
8831 11557
8837 15346
22464 9677
8852 19352
8854 20185
12672 14669
17392 13435
17392 21128
17392 8540
17392 10244
17392 19885
17392 10426
17392 14790
17392 20949
17392 9677
17392 10586
17392 14001
17392 18852
17392 14551
17392 8934
17392 16728
17392 16903
17392 5926
17392 11158
17392 15409
17392 15742
17392 11700
17392 10836
17392 16340
8869 13095
8883 21136
8883 12374
8883 11360
8883 15909
8883 10749
8883 17415
8883 516
8890 20054
8894 11332
8895 11686
8896 516
8897 10749
8907 20293
8907 10746
8907 20376
8907 14587
8907 18040
8907 18946
8910 19836
8919 15742
8921 19697
8921 11753
8921 21186
8921 10890
8921 11071
8921 22093
8922 20746
8936 20212
8947 11507
16399 17858
8957 3047
8963 8131
8964 9088
8964 18946
8964 18040
8965 11332
8968 21703
8934 13312
8970 21729
8970 19743
8974 19253
8974 15478
8974 9146
8974 18883
8974 18803
8974 13471
8974 18760
8974 15156
8974 15132
8974 20305
8974 14083
8974 11131
8974 9741
8974 20504
8974 12126
8974 18273
8978 17502
8979 18092
8980 13128
8980 15616
8980 20429
8980 12305
8980 18708
8984 18866
8985 19866
9309 9069
8992 11861
8992 14066
8999 11291
9001 19836
9012 19447
20199 8115
9018 11785
9018 20083
9026 9849
9026 14790
9026 20645
10236 12329
9031 11332
9031 16566
9031 11975
20206 15137
20206 21141
9052 9156
9052 13100
9052 9152
9052 21536
9052 13581
9052 10106
9052 15183
9059 15592
9059 21519
20209 22214
9063 9621
9063 18924
9066 9291
9069 13247
20212 22122
20212 9646
20212 10771
20212 18698
9073 16340
9074 11022
9074 13095
9079 21553
9079 19897
9086 14840
9087 18866
9087 10364
9087 10718
9087 9287
9087 12677
9092 19695
9096 13441
9101 15073
9101 11507
9104 12071
9104 17212
9105 11332
9109 12354
9120 9910
9120 20928
9120 8265
9120 12348
9126 21489
9126 20894
9126 18952
9128 11975
9128 11332
10170 15622
9131 9560
9138 11291
9151 17212
9151 12071
9156 12521
10334 13095
9162 17843
9162 20176
9168 22331
10415 17238
9172 12302
9176 17983
9192 14216
9192 10905
9196 21489
9196 11158
9196 10594
10643 21489
10643 16575
10643 14399
9211 21951
9218 10727
9220 13095
9220 10749
9220 12305
9220 21828
9220 11332
9241 13095
9241 9939
9246 13690
9246 18886
9246 20510
9248 12426
9248 12103
9248 17983
9248 12521
9254 17126
9254 14456
9254 12158
9254 11185
9254 16328
9254 10813
9254 12569
9254 21767
9254 15610
9254 9873
10963 14228
9262 14043
9262 14955
9266 7135
9275 17254
9275 18409
9276 14186
9283 19364
9283 20631
9283 19061
9284 15909
9285 10727
9287 17035
9287 8925
9287 10079
9287 5306
9287 20538
9287 12896
9287 11158
9287 22181
9287 20312
9287 16357
9287 17885
9287 19846
9287 18886
9287 20584
9287 21664
9287 13040
9287 15089
15611 15073
15611 9077
9291 15495
9291 17739
9291 19318
9291 9396
9291 17703
9294 9939
9294 10749
9300 22306
9302 19337
9304 9928
9304 16709
9304 18708
9304 21214
9304 13691
9308 21211
9314 13554
9314 16560
9314 19054
9314 17014
9319 18262
9319 21136
9319 15909
9319 20917
9319 17154
9319 10749
9319 17415
10232 15209
9326 14981
9329 14872
9332 10945
9339 17983
9339 12071
9339 17212
9342 15592
9343 18010
9343 10905
9343 1370
9343 20159
9352 10364
9352 18664
9352 12677
9352 14955
9352 12814
9352 15431
9359 20750
9359 11022
9359 19352
9359 11291
9359 17579
9359 20282
9359 13119
9359 14641
9359 1889
9359 20464
9359 15381
9359 11332
9359 14840
9359 14841
9359 11393
9359 1225
9359 11616
9366 17502
9367 11332
16467 17983
9374 9939
9382 14003
9382 21048
9989 11472
9392 18409
9399 19082
9412 21844
9416 17502
9423 17502
9438 18183
9438 19369
9439 13432
9439 14802
9439 19347
9439 11901
9441 8113
9441 20750
9441 17343
9441 19304
9441 20810
9441 12573
12082 21998
12082 10400
9446 18886
9452 3047
9469 18866
9470 20464
9470 16645
9472 11230
3128 11332
3128 22020
3128 9946
10742 9882
9494 17502
9496 20967
9497 9891
9499 19983
12776 11332
9504 9939
9506 18034
9506 10370
9506 22171
9506 18743
9506 15142
9506 18283
9506 21224
9507 14043
9508 8115
9510 21663
9514 21054
9514 14922
9514 15478
9514 13680
9514 20784
9521 12804
9521 22316
9530 20507
9532 10454
9532 19423
16492 14478
9534 5716
9535 13603
16493 13705
9549 21337
9552 13209
9560 16238
9560 20083
18996 17983
9582 14551
9582 19854
9585 11332
9591 20325
9594 18409
9597 22010
9597 19757
9597 17020
9597 20766
9599 17502
17726 13095
9603 17983
9614 13742
9618 11507
9618 22297
22281 17141
9620 18917
9625 15909
18969 15616
18969 20362
9636 11892
9636 14551
13252 15909
13252 11332
13252 516
13268 21662
13268 17983
13268 13312
13268 12677
13268 1987
9646 10154
9646 18312
9661 14699
9663 14043
9666 14852
9672 16728
9677 20489
9677 10749
9677 19447
9677 21662
9677 18419
9677 12521
9677 9741
9677 14936
9677 20810
9677 17983
9677 19598
9677 19076
9685 17983
9689 17502
5337 19328
9699 11073
9702 21054
9702 15449
9702 21337
9706 20967
9708 19842
9710 15520
9714 18866
20856 12390
15720 20029
13771 18114
9745 11332
9745 11557
9745 19843
9752 9891
9754 18010
9761 21114
9761 14955
14006 15470
9784 16355
9785 17566
9788 21081
9790 14790
14098 12305
9797 14955
9807 13637
9808 14161
9811 22371
9812 10749
9813 9891
6581 15592
9077 13720
9077 21571
9077 19444
9077 21416
9077 18084
9077 14940
9077 20715
9077 17488
9077 16957
9077 17276
9824 14493
9829 17523
9829 20967
16542 22144
16542 13731
9856 10538
9856 15391
9858 19743
9858 14181
9858 13435
9858 21729
9858 15366
9870 18488
9881 19598
9881 19076
9881 12204
9881 17878
9881 16323
9881 21640
9882 16561
9882 12204
9882 13630
9891 21020
9891 22382
9891 18167
9891 14880
9891 14697
9891 19621
9891 11015
9891 14040
9891 17490
9891 14169
9891 6029
9891 21225
12838 21489
9905 12071
5372 12071
9910 18866
9910 11332
9924 15742
9924 14981
9924 14697
9932 12773
9934 12305
9939 18078
9939 12936
9939 20930
9939 19743
9939 19347
9939 9871
9939 20343
9939 11852
9939 15313
9939 11323
9939 7567
9939 17783
9939 17384
9939 21729
9939 17984
9939 10418
9939 18655
9939 14497
9939 16085
9939 10468
9939 20559
9939 12408
9939 15742
9939 11352
9939 12371
9939 19649
9939 11158
9939 15531
9939 10789
9939 12464
9939 18645
9939 10391
9939 16895
9939 18336
19845 10820
5384 7135
9969 13461
9972 11332
9992 13435
9992 13290
9992 13742
9992 16389
9992 19437
9994 11789
9994 17502
10003 17502
10005 17502
10007 22338
10040 15592
10045 13244
10045 19447
11417 22469
10065 13095
10066 16851
10068 20512
10074 11899
10079 17983
10096 14551
14083 18234
10098 15073
10107 13932
10108 18982
10108 18918
10108 3047
10108 13000
10108 11041
10109 11332
10109 11557
10115 1370
5411 14981
10123 11720
10125 17596
20388 21642
20388 11785
20388 20083
20388 16712
10138 16357
14204 21784
10140 18934
10140 15980
10140 22375
10140 21315
10140 11797
10146 14105
12091 12837
12091 13425
10154 14511
12875 20965
10169 10948
9130 19075
9130 17504
10178 13609
10492 11332
10195 14790
10197 22186
10203 15289
10206 11785
10209 20992
10210 14703
10210 10988
21178 18593
16469 13886
16469 10903
16469 21240
16469 18954
16469 20083
16469 14010
16469 19362
16469 19178
16469 14619
16600 19938
16600 13128
16566 18637
16566 19127
16566 21767
10228 15317
10228 19767
10229 19178
10231 16660
10235 15592
10240 19556
10240 19304
10244 18409
10244 19695
10244 12573
10244 16609
10260 19521
10262 15346
10264 15072
10264 11336
10264 18337
10264 17047
10264 12440
10264 17323
10264 22337
10264 19903
10278 18416
10294 11230
10303 13095
10305 19237
10307 21392
10309 17502
10313 12200
14185 19854
10318 11332
10319 16270
10319 10749
10319 13312
10319 14528
10319 20810
10319 17983
9008 19341
10327 18905
10327 12907
10327 13306
9160 17502
9160 20320
10341 4897
10346 15647
10346 14988
10346 12831
10346 10439
10346 22052
10352 11158
10352 20875
10353 18637
10361 20954
10364 17694
10364 13727
10364 18913
10364 19134
10364 16021
10364 14661
10364 20173
10364 10426
10364 13272
17565 11332
10410 14709
10411 12083
10411 22338
5118 19307
5118 7152
10418 11332
10418 11557
10418 19843
10418 22020
10419 15602
10421 10394
20430 17417
10429 21489
10438 17878
10439 15346
10439 20029
12325 7130
12325 10621
17929 20339
10446 18416
10452 13731
10463 19608
10466 11003
10475 16650
10475 22381
10475 15129
10475 11488
18191 15618
10488 5590
10488 17983
10489 12515
10502 21329
10503 11332
18373 18952
10506 12235
10506 3047
18408 13746
10525 20029
10530 17983
10530 15346
10543 20230
10547 12521
10547 11230
20456 15874
10566 17502
18834 22294
18834 11638
16661 13439
10578 11332
10588 21036
20464 12168
20464 14790
12939 12071
10601 16588
10603 20029
10608 12354
20466 12200
10610 19399
10614 18986
10616 21689
10618 11332
10621 21210
10621 14796
10621 21536
10621 15427
10621 16635
10621 17608
10621 19667
10621 19307
10622 11332
10622 9946
10627 15072
10635 11763
15209 17596
10665 17502
10670 13965
10670 20083
10670 13886
10670 19730
10684 11965
6168 8540
6168 21180
19468 14356
10696 13187
10706 15775
10706 13885
10708 21858
10708 21614
10717 19723
10718 22329
10718 18424
10718 17686
10718 12408
10718 14249
10721 15072
10732 22295
10738 22338
19232 12708
10743 2487
10743 13030
10743 20301
10745 14249
10745 14802
19792 13095
10749 13822
10749 20938
10749 11323
10749 18966
10749 14109
10749 19573
10749 13386
10749 15236
10749 18194
10749 13435
10749 10104
10749 12496
10749 14444
10749 21569
10749 17984
10749 11341
10749 11684
10749 14497
10749 12283
10749 18645
10749 15742
10749 18852
10749 19455
10749 21496
10749 12045
10749 11158
10749 15951
10749 15052
10749 14547
10749 14678
10749 16895
3421 14003
16694 20176
10771 17725
10771 12935
10777 18337
10781 13128
10785 15592
11507 11622
11507 12924
11507 13885
11507 13752
11507 21662
11507 10515
11507 20784
11507 11838
11507 13312
11507 12521
11507 11071
11507 14563
11507 11501
11507 10992
11507 17523
11507 20833
20053 18704
20141 20507
20141 21550
10805 14249
10805 13742
10805 11158
10813 17304
10814 14651
20208 16054
10820 22397
10820 12183
10820 11266
10820 19000
10820 13294
10824 11230
10824 17983
10829 14880
10836 21662
10836 18409
10836 14228
10838 18416
10849 13435
10849 18852
10849 14249
10849 15742
10849 19772
10849 15116
10857 5972
10857 2206
20493 11072
20493 15592
10863 18657
10881 20083
10887 16432
10887 12305
10890 22144
10890 12640
10890 20309
10890 21272
10890 20314
10895 12146
10895 17642
10898 21229
20659 18337
20659 22287
10903 16185
10903 21124
10905 13351
10905 14383
10905 15824
10905 16554
10905 20695
10905 14660
10905 18743
10905 14317
10905 7109
10905 13291
10940 17047
10945 18975
10945 22338
10945 14715
10945 21184
10948 21872
10948 11332
10952 11230
10967 12305
10967 11557
10971 20949
10972 15073
10972 15620
10972 13290
10972 21423
16727 21784
16727 20863
10984 11096
10984 16609
21208 14010
11003 19983
11003 17304
11003 9818
11003 15391
11003 14905
11003 12285
11003 21054
11003 16851
11003 20083
11004 15909
11004 516
11008 21793
11015 21790
11016 20395
11016 11176
11017 12414
11021 11332
11022 14851
11022 18121
11022 15073
11022 17658
11022 14415
11022 20415
11025 18000
11025 13055
11033 17502
11041 12302
21618 16836
11067 12302
11071 15072
11071 19803
11072 16565
11072 20692
11072 20620
11072 20414
11072 18678
11072 11079
11073 21489
11073 14804
11074 12204
11074 19695
11079 15592
11079 21519
11082 12083
22339 21403
11092 14028
11092 12573
11096 20507
11100 19671
11103 11332
11104 16728
11112 17858
11118 20810
11118 17983
11118 15346
11120 14981
11125 18693
11127 21662
11128 18757
21640 18952
21640 11892
11145 11332
13031 13435
13031 17421
11158 14971
11158 21284
11158 14359
11158 19447
11158 12245
11158 21662
11158 15359
11158 18409
11158 18130
11158 20810
11158 17088
11158 14936
11158 14758
11158 19695
11158 11557
11158 14948
11158 12677
11161 11557
11162 16088
11185 13680
25 12837
11209 11501
11211 19743
11211 21729
11211 12569
11230 17848
11230 20559
11230 19941
11230 19823
11230 11239
11230 19347
11230 12500
11230 8061
11230 12496
11230 16741
11230 10426
11230 21536
11230 22440
11230 16895
11230 11597
11231 11332
11231 12305
11233 16874
11234 13742
11239 17983
11248 13597
11255 15176
11260 14140
11273 11557
11273 15909
11273 11332
11273 9946
11273 17983
11280 11332
11291 18277
11291 20902
11291 17581
11291 15430
11291 19065
11291 19609
11291 12730
11291 19876
11291 20841
11291 14219
11291 22023
11291 17530
11291 14493
11291 13100
11291 19083
11292 15828
11306 20083
11315 11332
11315 11557
11315 9946
11315 17983
11315 12570
11319 22338
11327 15742
11329 16730
11329 20083
11332 22278
11332 16590
11332 13264
11332 21371
11332 19063
11332 19623
11332 16258
11332 4897
11332 15323
11332 17299
11332 17956
11332 15821
11332 21157
11332 13808
11332 18553
11332 6137
11332 17325
11332 20495
11332 15174
11332 6116
11332 21212
11332 19289
11332 18216
11332 8265
11332 15468
11332 16978
11332 10182
11332 15364
11332 17866
11332 11034
11332 21747
11332 12254
11332 11761
11332 19467
11332 12098
11332 16466
11332 17148
11332 19275
11332 18677
11332 5822
11332 19837
11332 17391
11332 18062
11332 17694
11332 12817
11332 19841
11332 15183
11332 13487
11332 19093
11332 14666
11332 12269
11332 20655
11332 14497
11332 16560
11332 12150
11332 20228
11332 20559
11332 12458
11332 21588
11332 12459
11332 12666
11332 14875
11332 15820
11332 15745
11332 11432
11332 11804
11332 15531
11332 16630
11332 21088
11332 10039
11332 12548
11332 12135
11332 11966
11332 22171
11332 5632
11332 12495
11332 12869
11332 16151
11332 21277
11332 15159
11332 10241
11332 19476
11332 19347
11332 5513
11332 19190
11332 19870
11332 5478
11332 15236
11332 17218
11332 20584
11332 16519
11332 22181
11332 12500
11332 14192
11332 11634
11332 14186
11332 10426
11332 18109
11332 17051
11332 12315
11332 14718
11332 16778
11332 14409
11332 10947
11332 15191
11332 21013
11332 22408
11332 16534
11332 20067
11332 15090
11332 12520
11332 20780
11332 12523
11332 14166
11332 19553
11332 4112
11332 20969
11332 18858
11332 16895
11332 16548
11332 13552
11332 6045
11332 20071
11332 19205
11332 21323
11332 11657
11332 19045
11332 19885
11332 14561
11332 17099
11332 12153
11332 22177
11332 14918
11332 11797
11332 10286
11332 14392
11332 18512
11332 13742
11332 14694
11332 12896
11332 12017
11332 11336
11332 18971
11332 12740
11332 8925
11332 16032
11332 16741
11332 22240
11332 19757
11332 13940
11332 14164
11332 17691
11332 16791
11332 22252
11332 15831
11332 19231
11332 13511
11332 16073
11332 17105
11332 13426
11332 6107
11332 19054
11332 18906
11332 21389
11340 19469
11340 17983
11341 11360
11341 17154
11341 17415
11341 20917
11341 15909
11341 516
11343 8113
11343 21229
11343 17579
11343 13726
11343 16993
11343 22338
11343 19014
9877 13143
11345 21852
11347 15592
9325 12399
9325 19836
11358 20083
11359 13095
11360 15742
11360 15236
11360 12464
11360 13426
11360 16895
11364 13095
11392 8362
11423 2049
1505 15183
11432 13095
11448 11846
11448 11827
11448 13352
11449 17378
11449 17415
11451 21054
11455 20309
11459 11867
11459 21536
11459 20153
11471 14478
11472 2047
11479 19235
11494 21054
11494 12285
11498 13095
11500 16357
11500 19641
5843 17136
11510 10093
16660 17112
16660 12569
2047 13309
11527 15909
11536 21054
11536 17304
11536 21955
11536 13853
11550 22421
11550 16357
11550 17744
11550 14249
11557 11657
11557 18062
11557 15323
11557 16590
11557 13264
11557 21277
11557 6045
11557 17391
11557 18971
11557 20071
11557 16534
11557 7565
11557 11634
11557 12548
11557 10182
11557 12817
11557 5822
11557 21323
11557 18109
11557 16741
11557 12017
11557 15481
11557 21157
11557 11894
11557 16656
11557 19837
11557 17325
11557 22171
11557 18216
11557 10379
11557 6116
11557 13511
11557 17370
11557 12520
11557 21496
11557 18553
11557 18858
11558 14619
11571 13721
11592 22167
11592 15381
11597 12521
11603 6235
11603 20810
11603 21502
11603 17983
11616 17014
11616 18905
11616 21167
11616 15073
11616 8131
11616 12440
11625 21685
11625 21438
11626 17521
11634 17983
11638 12376
11643 13888
11644 13095
11644 21136
11648 15266
2862 16033
11658 21120
11658 12461
11658 14181
11658 16618
11677 15346
11678 14790
3047 11091
3047 22081
3047 16944
3047 12165
3047 17571
3047 17261
3047 21284
3047 20369
3047 15707
3047 14438
11686 16849
11686 16574
11686 21251
11700 12573
11703 22144
11703 14328
11703 22337
11703 15072
11711 22267
3167 13823
3167 22000
3167 9619
11716 21878
11716 15909
11720 13735
11731 14355
11742 11743
11743 21118
11745 11820
11745 13849
11745 14299
11745 13794
11745 12252
21136 13225
21136 15090
21136 16895
11755 19743
11755 21729
11755 15297
11759 20979
11761 5230
11762 9946
11765 12837
11785 20933
11785 18418
11785 13777
11785 21081
11785 14009
11785 15264
11785 14325
11785 12329
11785 17739
11795 19347
11797 17983
3692 12485
11804 13095
11809 21489
11809 15742
11813 18280
11818 18424
11818 20731
11818 18886
3880 12305
3880 15315
3880 12071
20657 18918
11841 14790
11842 19836
11842 17753
11842 22343
11846 16851
11846 14043
11854 15795
4176 14619
11875 12677
5716 14661
5716 20433
5716 13834
5716 19941
5716 17694
5716 17266
11892 16838
11892 18060
11894 21356
11899 14454
11899 13945
11899 16245
11899 12211
11899 22184
11906 21767
11921 21128
11921 13435
11921 21608
11928 12814
11928 19447
11932 13290
9421 20839
11936 6280
14988 20029
11947 17579
11947 21881
11957 17983
11959 13300
1987 20949
1987 10594
1987 21129
11975 11034
11975 18109
11977 12165
11977 12028
11979 12067
11987 19311
11987 12823
11990 17983
11991 14709
4882 12067
4882 15828
9432 12305
12013 17296
12014 16851
12017 9946
12017 22020
12045 12521
12067 21163
12067 19667
12067 13584
16911 20029
12071 20059
12071 22171
12071 18054
12071 18527
12071 18886
12071 6696
12071 21787
12071 2416
12071 19507
12071 15188
12077 18954
12077 22372
12083 16422
12083 14694
12083 20600
12085 15606
9444 18866
9445 22304
12098 15909
12102 13095
12128 17983
9453 5972
12140 15504
12142 21229
5890 22316
12158 13680
12158 21054
12158 16918
6373 15010
12174 16764
6045 13095
12179 21785
12181 16941
12183 14256
12188 17983
6107 18754
6127 14383
12203 17126
12203 14577
12204 21747
12204 8362
12204 3457
12204 7042
12204 13945
12204 14249
12204 15742
12204 13742
12204 20734
12204 13435
12204 14551
12204 18852
12204 14981
12204 21222
12217 17523
12224 17523
12224 20967
12245 14968
12250 14725
12252 21054
12252 19836
12252 12442
12252 16606
12252 13388
12252 17498
12252 20362
12252 15099
12252 15367
12254 9946
12257 21054
12275 14619
12283 516
12283 9946
12283 20443
12283 15909
12285 7300
12288 14043
12288 20319
12288 21114
12289 15699
12302 21967
12302 14692
12302 19499
12302 13079
12305 14031
12305 15907
12305 13264
12305 19795
12305 19307
12305 22296
12305 15481
12305 16567
12305 22171
12305 20035
12305 16032
12305 17370
12305 13300
12305 16756
12305 10988
12305 20064
12305 17197
12305 15364
12329 17182
12329 19730
12329 20083
7042 12743
3842 21399
12348 19447
12348 12677
12348 17983
12354 18416
12356 15080
12358 13095
12369 19301
12369 6662
12369 14009
12374 18966
12374 20203
12374 16895
12374 19190
12376 17933
12390 14723
12394 15592
12394 21519
12399 22022
12399 19023
12399 11102
12399 6621
12405 15909
12408 13095
12408 20810
12410 11045
12410 20433
2071 14181
2071 21608
2071 18886
6784 16869
7625 12847
16978 22020
12442 13441
12443 16341
12446 13721
12454 17502
12464 13095
12464 15909
12464 20917
12466 15072
12495 21792
12500 12521
12506 19476
12510 21356
12521 13543
12521 20251
12521 14918
12521 13293
12521 16689
12521 15236
12521 18553
12521 18283
12521 19347
12521 10426
12521 16741
12521 19760
12521 15749
12521 19448
12521 20559
12521 5926
12521 22440
12521 16997
12521 15096
12524 17983
8113 17871
8113 14567
8115 20186
8115 21175
8115 19718
8115 17892
8131 18975
8131 21229
12534 14427
12544 17502
5822 9946
15803 15263
17697 21356
12569 17521
12569 18374
12569 20443
12569 9818
12570 21236
9528 13095
12573 22293
12573 13742
12573 15742
12573 18573
12573 10468
12573 6029
8362 17700
8362 20383
8362 12644
8362 13873
8362 19106
13257 10606
13257 12743
13257 13992
13257 14905
13257 20667
12580 17201
12588 10568
12592 21054
12592 21955
12592 15367
12602 15137
22337 13042
22337 17606
12628 14551
12631 17304
12631 21054
12635 17517
12643 16732
12644 21371
12648 17523
12648 20967
12648 10515
12666 17983
12667 17933
12674 21844
12677 13256
12677 20928
12677 21787
12677 16151
12677 20584
12677 16357
12677 18886
12677 18120
12677 16549
12677 14398
12677 14407
12677 20128
12677 19846
12677 18026
12677 3278
12677 9061
12677 20734
11463 18906
11463 21222
12698 14496
12698 20863
12700 5985
5844 18333
12727 18079
9188 20967
12731 21536
12732 21925
12732 14094
13283 17047
12743 17566
12757 16605
12758 19624
12758 21600
12759 19641
17031 22208
12771 20120
12773 10790
9561 20967
12792 14577
12799 18866
12799 22121
12814 19134
12814 16728
12817 19843
12818 21210
12823 13731
12823 18603
12831 20029
12837 20622
12837 17304
12837 17725
12837 18962
12837 16783
12837 20124
12837 11039
12837 20305
12837 10815
12837 13680
12837 15449
12837 20083
13309 14043
13309 13691
12853 17983
12865 17519
12869 14248
12871 17502
12872 20967
10454 16618
10454 22144
12912 14181
12912 10379
12912 18886
13323 17502
13323 21662
12924 18603
12924 17737
12927 20048
12936 17983
12936 19762
12956 15742
12956 13742
12965 17983
12967 17502
12980 20083
12982 17904
12984 19521
12996 20029
13003 14404
13003 14248
13003 17867
13021 13095
11134 17523
11134 20967
13029 14248
11152 21489
13042 17391
13064 17047
13064 19913
13073 14699
13083 20203
13083 17022
13083 15630
13083 18234
13093 13128
13095 15174
13095 20343
13095 15963
13095 15236
13095 22398
13095 16524
13095 16198
13095 18482
13095 20435
13095 16175
13095 15085
13095 20276
13095 19992
13095 15821
13095 18221
13095 21496
13095 19649
13095 16977
13095 15096
13095 16093
13095 16895
13095 14379
13095 18777
13095 15951
13095 18966
13095 20465
13095 20700
13095 20892
13095 10468
13095 17783
13095 16073
13095 14659
13095 14497
13095 7641
13095 17545
13095 18645
13095 20922
13095 13415
13095 13426
13095 15476
13095 12218
13095 16071
13100 16355
9615 19082
13110 21955
13110 13691
13116 19082
13122 17858
13127 21536
13128 16743
13128 13435
13128 13576
13128 16294
13128 19551
13128 13862
13128 14551
13137 15137
13140 13691
13140 20667
13166 19393
13168 10594
13168 14634
13188 15150
13188 18300
13188 14836
13196 20254
13226 18330
13237 14747
13243 21881
13244 13742
13247 14383
13253 13435
13266 16385
7354 22287
7354 17047
13291 14216
13291 1370
13297 16183
13300 20118
13302 20030
13302 20750
12846 19436
12846 18283
13312 14790
13312 13435
13312 14697
13312 13742
13327 13721
13329 16795
13336 18741
13343 15138
13352 19260
20965 20820
13385 21847
13388 21852
13395 5972
13396 15592
13400 13550
5964 22186
13425 17304
13425 18449
13425 15449
13426 18929
13426 15874
13426 13911
13426 19695
13426 17154
13432 21878
13432 14406
13434 15909
13435 18719
13435 16265
13435 16609
13435 21890
13435 19447
13435 21662
13435 17140
13435 18409
13435 15447
13435 20693
13435 20694
13435 21877
13435 17863
13435 16870
13439 18917
13441 21581
13441 22121
13441 15909
13441 21141
13441 19938
13443 17838
13443 17724
13443 13458
6129 13721
13458 15699
13478 15671
13488 17123
13489 21438
13498 16688
13508 15941
14120 13691
13529 19667
13529 19307
13541 14496
19109 1476
13547 18946
5985 14466
5985 20142
13549 18819
13549 22287
13550 21616
13550 21663
13550 18320
13550 14577
13550 17536
13553 14216
13574 17502
13578 19061
13580 13733
13581 16645
13582 14404
13582 17867
13584 19218
13584 19742
13597 16044
13597 10594
13597 17465
13597 6029
13597 18416
13600 22308
13602 15909
13609 16341
13609 18209
13618 7300
13620 17933
13630 14003
13634 15909
13635 19136
13641 20779
13643 21247
13643 14697
13647 13733
13648 18236
13649 21662
13650 20082
13653 21784
13670 20967
13676 21438
13678 16490
13678 14186
13679 14619
13679 20083
13680 20516
13680 15229
13680 18115
13680 21489
13680 16431
13680 16437
13680 18416
13690 14043
13691 7029
13691 21608
13691 16328
13691 16217
13691 21727
13691 17421
13691 16374
13692 16156
5494 16466
13704 16104
13705 22302
13720 15073
13721 9817
13721 22376
13726 18337
13731 13752
13742 6114
13742 17393
13742 20151
13742 16609
13742 16712
13742 20693
13742 20694
13742 17676
13742 17154
13742 16993
13742 18664
13742 19762
13742 21770
13742 19320
13742 19695
13742 18929
13746 19348
13752 15373
13752 15073
13752 6621
13752 21438
13772 19420
15694 13992
13823 20118
13829 21252
13853 15630
13862 17983
13862 18162
13862 19414
13865 17744
13873 17667
13873 22171
13884 18698
13885 15396
22251 14148
13893 17135
13893 21489
13911 13945
13911 14981
5513 15909
13938 19082
13945 16736
13945 13992
13945 14693
13945 21403
13945 18708
13945 20693
8556 13290
13956 14804
13965 16328
13974 16369
13992 16728
13992 14399
13992 19641
13992 17744
5827 17771
14003 21785
14003 14180
14003 14793
14003 22263
14008 14577
14009 17182
14020 17509
14026 14981
14027 15391
14031 18754
14031 15727
14031 20254
14035 18337
14035 17014
14043 14608
14043 18529
14043 15830
14043 14802
14043 19691
14043 21975
14043 18573
14043 17357
14043 1917
14043 21671
17512 21141
14067 21641
14082 15909
14082 17983
14090 20810
14094 16259
14119 19641
14123 19465
14128 14619
14157 21299
14157 19187
14157 20362
14161 20165
14168 17778
14169 14619
14170 14699
14176 22171
14181 17975
14186 17502
14186 17324
14186 21563
14216 14383
14216 19704
14216 14526
14216 18743
14216 18519
14223 14790
14228 15630
14228 10426
14228 15396
14228 21536
14228 14790
14228 14551
14229 21054
14229 19183
14229 14619
6108 17983
18719 18380
18719 20584
14245 20193
14248 10886
14248 17252
14248 17833
14248 19384
14248 21487
14248 22330
14248 22035
14248 15884
14248 16557
14248 19700
14248 14790
14248 20367
14248 14791
14249 16183
14249 15156
14249 18772
14249 16352
14249 16915
14249 21334
14249 20319
14249 16355
14249 18409
14249 17863
14255 21685
14264 10515
14290 17517
14290 18326
14290 10520
14296 18708
14299 21186
14308 22338
14325 17182
14328 18010
14333 18657
14351 15742
14355 17107
14355 15900
14358 16895
14358 16548
14363 21430
2924 16869
14377 8540
14378 20544
14398 19725
14400 17502
9852 20029
14404 17833
14404 14790
14404 14791
14406 16869
14407 18262
14407 20960
14407 20810
14407 17983
14407 16609
14407 17154
14409 19852
19624 18594
19624 16014
19624 20415
14427 17128
14427 14383
14428 17509
14428 20030
14456 19541
14458 16355
14466 20746
14466 17323
14478 10782
14478 16870
20320 22381
14489 21608
14490 21662
14490 21214
14496 15041
14497 17983
14500 18886
14502 20681
14502 17858
14511 17725
14526 20395
14526 1370
14526 20159
14527 9258
14532 21489
14551 19762
14551 21942
14551 14936
14551 18409
14558 15616
14559 17391
14577 22457
14577 16293
14577 21276
14577 14669
19753 18975
14604 9946
14607 17525
14607 15264
14607 18418
14619 21365
14619 17330
14619 20420
14619 18363
14619 21608
14619 16854
14619 18115
14619 15526
14619 18694
14619 19621
14619 17603
14619 18738
14619 10013
14619 21772
14619 22001
14619 15118
14619 18438
14619 22293
14619 17049
14619 19658
14619 21225
14631 18917
14637 15073
21240 10013
21240 18343
21240 20176
21240 16459
14640 21784
14641 17014
14641 15073
14660 20159
14660 18010
14660 1370
14669 17604
14693 16728
14694 17560
14694 22338
14694 18975
13612 20949
14699 19019
14709 18946
14710 18494
14710 16033
14736 21489
14736 14804
21828 15289
21828 10104
14746 22356
14747 964
14751 18866
14773 19556
14774 15630
14787 18811
14787 19267
14790 17895
14790 18831
14790 20170
14790 17936
14790 20260
14790 17867
14790 22124
14790 14890
14790 18781
14790 17983
14802 21878
14802 15348
14804 10606
14804 17617
14804 15695
14804 18803
14804 19519
14804 20917
14806 17983
14811 16887
14814 10594
14814 16728
12835 16858
12835 6388
14840 19562
14840 17681
14840 17014
14840 21856
14841 19448
14841 19970
14841 15772
14862 19836
14872 21839
14872 21331
14885 19667
14888 19373
14893 19795
14904 2644
14918 16355
14919 16437
14922 10594
516 20435
516 20076
516 18966
516 15236
516 16895
516 21569
10394 20249
10394 18622
10394 20970
14936 14981
14940 15073
14955 10594
14955 21489
14971 17391
14971 21560
14981 16851
14981 17878
14981 21641
14981 20810
14981 17154
14981 17393
14981 16323
14981 19695
14998 18158
15023 22202
15037 17502
15049 21600
15051 19307
15053 21955
15061 21346
15072 16606
15072 13153
15072 15367
15073 17523
15073 18284
15073 21572
15073 18917
15073 21997
15073 1225
15077 15183
15082 20118
15085 16887
1375 21229
15089 18866
15090 15909
15096 17983
15116 19723
15116 19082
15118 19983
15126 20083
15128 17705
15137 20012
15137 20702
15137 20671
15142 18010
15174 17983
15188 17212
15198 16038
15208 15848
15208 18985
15208 20391
15218 21356
8990 19739
8990 18886
8990 10594
8990 21608
17243 5972
15229 16851
15236 19366
15236 9946
15236 15909
15236 20917
15236 17154
15236 17415
15276 15592
15285 20159
15289 19938
15303 20309
15311 17502
15311 17429
15311 20782
15315 22171
10426 18262
10426 17983
15323 9946
15323 19843
15326 3832
15331 5590
15346 20924
15346 18289
15346 22280
15346 21917
15346 18932
15346 19780
15346 20760
15348 17889
15370 16420
15373 17523
15373 19971
15396 21912
15397 20345
15397 21955
11655 22069
15449 21004
15449 18698
15449 17142
15454 18716
15454 19541
15473 18952
6316 16887
15511 20083
15532 17983
15535 17983
15537 18510
15540 22433
15562 19836
15592 21570
15592 16565
15592 20620
15592 20277
15592 17592
15592 20692
15592 20547
15592 18746
15592 20414
15592 18678
15592 21926
15602 19662
15602 22144
15602 21608
15614 20949
15616 21399
4618 16703
19721 16355
15647 20029
15657 17446
15660 17502
15674 1370
11657 17983
4976 19836
5026 6029
5026 20746
15692 17983
15699 16163
15699 17282
15699 20818
15703 17983
15707 19795
15712 21767
15718 17890
5230 18216
15739 9578
15742 18262
15742 17415
15742 16609
15742 17474
15742 17863
15742 20383
15742 17154
15742 22433
15742 20810
15742 18929
15743 21573
18980 22329
15769 17551
5590 20882
5590 20609
15791 19561
15791 20799
15791 21869
15794 20114
15795 17146
15798 19509
15820 20319
15828 22267
15828 14225
15828 16535
15828 20898
15839 22304
5903 18257
15848 17667
5972 17291
5972 20508
5972 19676
15864 20504
15871 18262
15878 18257
6130 22040
8326 22230
8326 22293
15909 19086
15909 17384
15909 19347
15909 15963
15909 16895
15909 19893
15909 20279
15909 18966
15909 16093
15909 19573
6388 17894
6388 22416
15951 17983
15976 17047
15976 21605
15976 19903
15986 21065
16009 21489
16011 16058
16014 21600
16021 16355
16021 20254
16023 8184
16032 17509
16032 18693
16033 16506
16033 18850
16033 17062
16036 16135
16038 17523
16041 20584
17586 17983
16053 17502
16054 22206
16092 19666
7436 17567
16151 19556
7565 17123
16183 16872
16183 19347
16193 17858
16203 20967
16205 18092
7951 17521
16265 21573
16265 20758
16265 20543
16293 17536
10182 9946
16328 21255
16328 20083
16328 20750
16340 18409
16340 20810
16340 16993
16341 17540
16347 17540
16355 22443
16355 21573
16355 20559
16355 19347
16357 17983
16357 19430
16367 20968
16386 10594
16392 21489
16392 21747
16398 21784
16408 20319
13471 20076
13471 16869
13471 20559
16422 18975
16422 22338
16431 19519
16432 22208
16432 19743
16432 21729
16444 18010
16459 9818
16466 17983
16519 19320
16534 19843
16547 17983
16554 1370
16554 18010
9946 21157
9946 18216
9946 17691
9946 20296
9946 18109
9946 18062
9946 10641
9946 18858
16560 19695
16565 19390
16583 20176
16602 17983
16609 17577
16609 20024
16609 18852
16609 17984
16618 17983
16648 17983
16688 18262
16692 17983
16705 17502
16709 20894
16709 19854
16709 20076
16712 20516
16722 21869
16728 18708
16728 16736
16736 19641
22124 20879
16746 16887
16772 17471
16778 20693
16838 21188
16838 21489
16842 22118
16851 20420
16851 18886
16851 19743
16851 21729
16854 19362
16854 20083
16858 22416
16868 21600
16869 21878
16869 18273
16869 21784
16874 22430
16879 20512
16887 22171
16887 16921
16887 20538
16887 19896
16887 17051
16895 18262
16895 17154
16895 20917
16895 17415
16903 21214
16903 20863
12031 21561
16918 17596
16921 19762
16948 20118
16948 21600
6547 21677
16973 1162
12432 21131
16993 21608
16993 18120
16993 19885
16993 17014
17006 20188
17014 21229
17014 20750
17014 18917
17019 17221
17022 21662
17022 21287
12762 17858
17046 22171
17047 18396
17047 20974
17047 8467
17050 19082
17058 18866
17064 20130
17075 21608
17078 1370
17126 21054
17126 17304
17126 21955
17128 20159
17128 20235
17135 10606
17135 10821
17135 22416
17142 21131
17148 17983
22267 18705
17154 18886
17154 18852
17182 20933
17212 18886
17213 22202
17221 18268
10993 17821
10321 20799
17247 21792
17254 17667
14164 19843
17288 21139
17296 17680
17304 17323
17304 18698
17305 17566
17323 19326
17323 20593
17343 17744
17346 18975
17346 22338
17377 17858
17391 17432
17391 17606
17401 17502
17415 18966
17415 21569
17421 20083
17422 19082
17429 20601
17458 18886
17480 21600
17485 20967
17498 22144
17502 21645
17502 18105
17502 21106
17502 21194
17502 22316
17502 19128
17502 21050
17502 18580
17502 17771
17502 21753
17502 21253
17502 22230
17502 18591
17502 17973
17502 21423
17502 21068
17502 19448
17502 22156
17509 19850
17509 20809
17521 20646
17523 18090
17523 22084
17523 19017
17523 20510
17523 22010
17523 20445
17523 12209
17523 20314
17523 21438
17540 18195
17547 21662
17554 19923
17555 20620
17556 19513
17558 22000
17560 21590
17596 20083
17599 19822
17622 19762
17628 19903
17632 17933
17633 20784
16581 19131
17667 18758
17686 20083
17689 19031
17695 17858
17710 19302
17714 19220
17725 21069
17733 21229
17739 20083
17744 19447
22035 17867
17778 18092
17781 20429
17806 18273
17814 10441
8540 20151
17833 17867
17838 21403
17839 19036
17840 19846
17843 21139
17858 19272
17858 18118
17858 20093
17858 21035
17863 20949
17863 21532
17871 21054
17871 21955
17874 18162
17878 21573
17878 21605
17890 22263
17891 20683
17892 19742
17898 18371
17915 21955
17917 19307
17933 20805
17933 20643
17933 20504
17940 19556
17947 10594
17983 18062
17983 20578
17983 19092
17983 19551
17983 21772
17983 19200
17983 21708
17983 20949
17983 11045
17983 20992
17983 18216
17983 21217
17983 21033
17983 20714
17983 20879
17983 21133
17983 18129
17983 18143
17983 20392
17983 20584
17983 21277
17983 22055
17983 19870
17983 22243
17983 19448
17983 20566
17983 10832
17983 18759
17983 22373
17983 20414
17983 20770
17997 21074
18007 21536
18015 20082
18038 20062
18039 21054
18039 20083
18040 10790
18044 18946
18060 21489
18062 19843
18062 22020
18115 21054
18118 20174
6460 19148
18137 20912
18153 19852
10477 22152
18167 21054
18216 18374
18216 19843
18216 18262
18216 22020
18217 19556
18234 20443
18234 18716
18245 21881
18257 20415
18262 8265
20096 22302
18273 21489
18331 19108
18337 20282
18337 21561
18343 21054
18343 19541
18343 18954
18363 20083
18368 21784
18371 21995
18385 12209
18388 10681
18394 19124
18396 12440
18409 20928
18409 18573
18409 18905
18416 20489
18416 19943
18416 18890
18418 19730
18424 20810
18424 20693
10515 19903
18454 18866
18502 18886
18529 21141
18529 21581
18529 19943
18553 8231
18573 18985
18573 21114
18573 21662
18573 19778
18580 20782
18580 21139
18604 19082
18639 19448
18657 19423
18664 19264
18699 21489
18702 21525
18708 22366
18708 21399
18708 21489
18716 19739
18716 20516
18721 6447
18736 18866
18743 20395
18743 1370
18802 19713
18820 21686
18852 20151
18866 22421
18866 21998
18866 20822
18866 20156
18869 21054
12440 21215
18883 20663
18884 20130
18886 20960
18886 21114
18886 19325
18892 10594
18913 19556
18914 20979
18918 21214
18924 21470
18946 10790
18946 18236
18952 19655
18952 14948
18966 20917
18982 21878
18986 11045
10393 14598
19021 22230
19023 19836
19061 21638
19062 20927
19082 22112
19082 20480
19082 20497
19082 19772
19127 21054
19127 21955
19137 19556
19153 21163
964 19469
964 20806
19190 19983
19201 19877
19224 22353
19261 20479
19272 20967
19307 21511
19337 20251
19346 22178
19347 20346
19347 19695
19358 20566
19369 7250
19380 20029
10674 22268
19399 21489
19403 8129
18158 20927
19469 22393
19476 22167
19476 20169
19522 20800
19543 20443
19556 21536
19556 21044
19556 21371
19628 20056
19628 22208
19641 21403
19641 20083
19704 19762
19718 20534
14383 20395
14383 20159
14383 1370
14383 19938
19725 21489
19739 20083
19743 9818
19743 19983
19758 20083
19762 21128
19783 1370
19787 22022
19836 19919
19836 20281
19836 21196
19843 21323
21991 22338
19881 20755
19934 22070
19950 22416
19956 21550
19970 20974
19984 21489
20029 21055
20046 13153
20046 20967
20083 20790
20083 21236
20083 20933
20083 21727
20083 22293
20083 20516
20083 21081
20083 6029
20083 21772
20102 21129
20115 21229
9818 21489
9818 21729
20159 22017
20217 20395
20319 21588
20362 22144
20414 21519
20414 20810
20414 21662
20443 20892
20443 21129
20484 20949
20507 21807
20516 21719
20516 21054
20516 21955
10568 22151
20543 21750
20572 21074
20601 21572
20607 22144
20663 21214
20692 21662
20695 1370
20699 20912
12209 20967
20731 22434
3457 1370
20779 22365
20810 22092
20810 21536
20810 21626
22171 22206
22171 21255
22171 1370
6029 21054
20967 21272
20967 21685
20967 21035
21054 21767
21054 22260
21157 22020
21179 1370
21188 19983
21210 22180
21255 22094
21323 22020
21346 22202
21430 21572
21438 21997
21489 21784
21489 21750
21525 21705
21550 21784
21600 21605
22318 21781
21729 19983
21784 22329
11090 22338
21792 21964
21847 22316
21899 19432
21975 22433
21439 22338
