id id_2
4 2004
4 1182
4 11423
4 6390
4 17507
4 8843
19 4048
19 20923
27 5890
27 9521
27 21785
27 3586
11197 6272
30 17178
30 2838
30 8584
30 16854
36 21489
39 10670
42 16727
42 14804
42 909
47 19731
48 6206
49 4809
52 5972
52 10100
55 12472
55 15384
55 21270
55 14350
55 8348
55 22352
55 21544
55 19001
57 2117
57 6023
57 20543
57 6213
57 15940
57 9882
65 3047
65 17566
65 9940
73 580
73 9578
81 15394
81 5713
85 19081
7437 12650
7437 18698
98 17128
99 12472
99 3741
99 17340
99 3791
99 17056
99 13175
99 2051
99 9164
99 9843
99 15384
99 20337
99 21307
99 216
99 18819
99 20415
101 787
101 25
101 10849
101 10805
101 8050
101 15449
101 12759
101 20083
103 4076
103 3291
103 4526
111 9254
127 11892
127 6140
128 641
132 264
133 11761
134 20076
134 14551
138 7350
140 1011
140 12677
140 19447
141 6763
141 20083
145 15947
145 10980
152 8529
152 16574
152 22428
152 15674
152 11686
153 19372
153 18921
153 3906
153 20542
154 6659
159 18208
178 12153
178 11332
178 9063
178 11312
178 12315
178 3586
178 7657
180 18488
186 14942
187 2004
187 6390
187 8843
187 12252
187 8417
197 16778
197 14551
216 21937
216 10626
7460 13435
224 16120
224 4219
224 6199
224 641
224 5201
224 19896
227 20584
227 5948
229 16214
229 18064
229 12393
229 4398
229 13946
231 14985
234 11423
245 6213
246 7218
247 6763
247 5199
247 7323
247 19235
247 6321
247 6190
247 12862
247 13253
247 19269
257 15947
274 5539
278 909
287 12749
287 9514
295 18377
4264 11488
304 16348
304 18525
306 3577
306 9395
307 8418
318 22220
319 13435
330 6344
330 19666
330 1230
330 8674
344 25
364 15947
365 1541
365 6534
365 19937
365 11475
365 2042
377 15490
387 8668
387 22388
390 21299
393 12972
393 11180
393 20724
393 8119
393 18386
393 9779
393 19530
393 2007
393 21932
395 1182
396 19884
396 5913
396 16730
400 7571
402 15351
402 15839
406 8921
406 12252
406 495
407 9725
407 17846
419 20511
11253 4655
426 19756
9968 1003
9968 8417
449 8309
449 6477
451 2837
451 6139
452 21131
452 14801
452 12091
454 14003
455 14003
461 5765
464 17591
464 4219
464 9069
464 4048
464 657
464 19127
464 1666
464 14880
464 1230
464 22386
464 19190
2793 14003
2793 13257
478 7683
478 11055
478 17930
2875 1339
484 8974
484 909
484 14804
495 11212
495 3726
495 1001
495 6340
495 10215
495 15153
495 8466
495 9420
495 14502
495 15544
495 11327
495 15633
495 14889
495 15072
495 4003
495 10452
495 701
495 12898
495 17523
496 13435
496 13302
496 21747
496 10345
496 14428
496 14551
496 9827
499 14793
499 12091
499 22263
507 781
507 9891
507 20633
507 14619
507 2077
508 18446
513 14551
526 6987
545 7877
545 13180
546 13508
550 575
550 11228
550 3379
550 13806
550 12058
550 11003
550 5353
550 3563
550 535
550 19743
550 12260
550 17787
550 5932
550 14789
550 21729
554 21747
554 12235
554 9940
554 12569
554 19312
559 5713
563 1756
573 13691
578 8158
580 1902
580 13657
580 16585
580 8893
580 13175
580 21722
580 20990
580 14669
580 17234
580 15384
608 13680
615 17744
619 1945
627 16389
7527 14902
7527 5967
632 15839
633 6077
637 6342
637 22081
637 15183
641 13992
641 8925
641 2461
646 11343
646 12252
648 6941
649 5948
652 10460
652 10134
654 6388
657 4678
660 891
661 22308
661 5811
661 12203
661 21616
663 5713
668 12875
668 2692
669 13691
676 18622
682 2230
682 10670
682 8587
684 13168
684 14919
684 6115
686 17126
686 22144
686 18115
686 11536
686 12252
689 1618
689 8674
699 5948
700 7812
700 16203
700 18118
700 15696
700 3891
701 22092
701 5775
701 5667
701 14697
701 10588
701 11892
701 22267
701 18003
701 13435
701 13777
701 19815
701 1620
701 13166
701 16340
701 4441
701 14191
701 4122
701 5925
701 14916
701 15630
701 21685
701 14247
701 21001
701 11873
701 10836
703 19988
715 19190
724 19657
729 4277
742 9254
745 6499
753 9618
753 14228
753 15065
753 21407
753 3788
754 13466
755 7536
755 12299
755 10883
755 7798
755 16469
758 5304
758 21361
758 2749
758 10530
758 2380
758 7586
760 3019
769 12940
770 12950
781 19621
781 839
781 17490
781 2658
781 14880
781 14697
781 21489
781 6248
781 22102
781 21225
5241 12076
18800 18913
18800 18984
18800 12977
789 21532
789 14596
789 22386
790 21144
790 21438
794 21784
794 11273
794 9677
794 6011
794 3948
794 20770
794 17148
794 11634
794 15074
794 8700
794 15532
794 19082
794 2217
794 10838
810 14221
810 20083
820 4888
838 8631
848 13731
848 22078
848 11423
848 9532
848 12252
848 15744
851 17148
4048 2077
863 12252
866 909
871 1485
871 10608
871 18969
871 909
871 5463
871 7761
871 21489
871 5948
871 8974
871 21550
871 16727
878 17022
878 15694
891 7602
891 9789
891 21438
900 17983
901 4857
904 13777
907 5156
909 21784
909 5683
909 11273
909 12936
909 9677
909 19519
909 9339
909 6011
909 5306
909 2105
909 6722
909 6475
909 18471
909 2187
909 1660
909 2544
909 5495
909 7320
909 2268
909 15072
909 11634
909 2192
909 14981
909 1578
909 19885
909 9087
909 6671
909 21033
909 9604
909 18886
909 16275
909 16355
909 9096
909 18760
909 18216
909 20770
909 20443
909 12165
909 16887
909 4141
909 21214
909 2726
909 22210
909 14814
909 20693
909 14221
909 11061
909 5453
909 14553
909 11073
909 20421
909 9196
909 21750
909 6158
909 19573
909 1220
909 7533
909 4930
909 15915
909 21141
909 20892
909 22243
909 15116
909 13323
909 10805
909 17344
909 2595
909 6606
909 14918
909 9475
909 15478
909 9220
909 19984
909 5077
909 16568
909 2514
909 2842
909 19762
909 9597
909 2860
909 12376
909 18803
909 14532
909 20504
909 15862
909 1639
909 8600
909 12838
909 19943
909 2245
909 15315
909 7142
909 3400
909 18273
909 13168
909 19938
909 18180
909 14619
909 12677
911 5428
914 22159
914 9975
914 10594
8164 1529
8164 10154
8164 19267
8164 20212
8164 9621
8164 11315
8164 21847
8164 16962
917 5229
939 3004
943 2990
945 20278
958 20770
958 12853
959 21561
5806 21247
5806 6595
5806 2658
5806 14697
5806 4095
5806 22202
5806 6344
5806 2230
5806 21128
5806 7974
5806 14548
963 15986
970 19261
970 8921
986 9891
990 19952
990 4563
990 17022
990 21627
1003 11507
1003 17740
1009 1812
1011 20056
1011 8980
1020 14942
1020 3291
1045 8700
1045 9636
1045 7837
1047 6013
1050 12650
1050 17890
6427 6390
1054 4655
1054 6388
1067 9300
1068 12962
1068 20352
1070 11657
1070 2087
1070 11456
1070 12853
1080 10442
1086 10670
1086 21489
1128 18012
1133 22010
1133 21360
1139 10808
1139 11003
1139 8706
1139 4846
1139 13884
1148 11603
1151 1409
1178 17362
1181 18064
1182 5585
1182 7939
1182 18118
1182 12640
1182 15735
1182 6914
1182 19187
1182 11324
1182 20362
1182 21438
1182 2208
1182 13039
1182 7602
1182 11112
1182 21280
1182 21123
1182 10437
1182 5077
1182 21035
1182 16193
1182 18905
1182 17377
1182 7917
1184 12749
1185 12895
1190 12252
1191 14619
11382 16389
1213 13435
1213 6023
1213 10836
1216 12858
1216 18277
1216 15183
1230 10691
1230 9891
1230 9128
1230 18383
1230 2077
1233 2059
1239 5456
1239 8168
1239 21438
1249 11987
1249 22144
1255 14490
1259 8001
1259 2781
1260 10394
1265 19739
1265 7880
1265 4296
1266 22122
1266 6992
1272 6158
1272 21784
1272 12496
1278 20543
1282 17128
1293 15936
1294 9540
1302 5590
1305 19127
1312 20846
1319 13731
1319 2004
1323 20415
1330 12962
1337 19376
1337 5713
1339 10395
1339 17566
1339 16020
1339 1749
1339 11248
1339 18290
1339 19896
3963 2310
1348 15694
1363 15839
1641 6344
1393 7800
1393 21222
1393 10836
1401 18064
1402 17912
1402 13899
1403 14709
1404 20949
1404 17020
1404 7982
1404 12797
1409 8138
1409 18690
1409 2164
1409 18683
11415 22129
11415 11657
11415 6158
11415 1761
11415 16692
11415 3948
11415 18216
11415 20770
11415 10319
11415 16885
11415 9339
11415 7467
11415 3695
1412 1666
1419 13058
1427 22122
1433 2067
1433 18042
1444 9283
1446 2376
1457 21023
1457 5344
1457 4323
1457 12440
1461 10253
1479 2114
1480 16348
1484 2067
1485 10498
1485 13706
1485 9339
1485 10318
1485 6158
1485 7833
1485 21033
1489 7251
1489 13302
1494 18765
1494 7462
1494 19321
1496 19956
1504 19563
1504 9789
1504 5077
1504 21186
1504 18010
1504 22093
1504 19187
1504 4619
1517 6321
1529 22144
1531 7462
1531 8693
1531 16471
1531 4994
1531 8417
1536 9018
1539 9646
1546 10241
1546 9891
1547 20415
2539 1858
1562 8654
1567 17119
1567 8520
1576 6987
1576 15137
1576 15769
1585 9254
1586 4716
1592 22267
1598 5156
1599 15839
1602 9030
1603 3326
1603 8531
1603 17678
1603 9986
1603 2423
1605 8001
1605 3505
1605 19949
1611 17681
1613 8576
1613 7663
1613 21775
4011 18688
4011 13567
1620 5456
1620 12420
1620 17516
1620 21186
1620 5636
1620 12640
1620 12924
1620 18010
1620 4584
1620 17523
1620 7945
1620 15198
1620 2105
1620 2268
1620 3472
1620 4003
1620 11507
1620 13388
1620 7917
1620 17079
1620 10420
1620 5870
1620 2280
1620 21036
1620 6340
1620 19948
1620 8466
1620 4995
1620 10327
1620 21438
1620 13498
1620 20281
1620 16972
1620 17633
1620 18905
1620 11102
1620 7602
1620 15365
1623 7350
1624 2146
1639 10345
1644 19316
1654 6140
1655 10670
1655 7919
1656 5156
1668 17128
1671 11504
1671 19349
1679 14003
1681 22428
1681 13763
1681 22133
1681 22171
1681 15674
1689 18064
1694 17323
1701 2990
1705 1945
1713 20584
1713 10594
1714 9171
4025 13691
4025 20083
1717 21852
1718 21489
1718 20875
1721 16816
1721 17127
1721 3966
1721 18648
1721 3610
1721 13133
1721 14125
1721 9462
1721 5678
1721 20334
1721 8268
1721 19273
1721 10111
1721 8739
1721 4357
1721 19263
1727 3221
1727 8018
1730 7887
1730 2544
1730 22464
1730 13886
1730 4279
1730 19742
1730 9126
1730 11190
1730 16838
1730 20770
1730 13070
1738 13435
1741 12252
1746 22267
1758 9506
1758 8115
1758 16887
1758 20696
1758 12632
1773 11676
1775 2990
1780 13508
1780 6390
10791 22217
1789 2558
1789 3741
1789 16716
1789 8348
1789 2051
1789 20415
1789 20730
1792 14858
1792 5292
1804 14948
1804 3379
1830 7776
1830 8656
1830 19049
1830 20215
1833 17933
1848 14191
1855 4296
1859 2004
1860 8353
1860 4296
1870 5590
1872 15839
1872 18369
1872 11469
1872 4653
1875 21180
1885 7365
1888 12943
1894 21747
1901 11761
1901 17020
1902 11536
1907 15839
1907 4653
11591 19544
1914 16778
1928 15839
1928 2466
1929 9776
11715 8858
1945 12940
1945 3379
1945 3517
1945 14293
1945 4082
1945 11003
1945 14385
1945 12012
11769 5156
12950 19772
1958 4331
1958 10945
1958 16147
1958 22338
1958 9867
1968 13899
1977 14040
1992 22202
1996 2950
1996 10394
2003 7091
2003 11719
2004 12420
2004 17639
2004 14264
2004 6244
2004 4211
2004 12640
2004 20510
2004 14560
2004 3838
2004 15021
2004 8434
2004 17121
2004 7602
2004 4967
2004 18118
2004 4419
2004 3493
2004 12498
2004 3223
2004 8910
2004 11507
2004 11102
2004 17740
2004 15957
2004 5865
2007 8584
2014 6390
2014 8843
2015 14734
2020 9603
2020 14858
2022 5564
19696 19841
19696 19492
19696 13542
19696 6444
19696 5930
2035 15220
2035 13635
2043 7451
2044 16786
2057 17744
2058 8417
2067 6623
2067 5014
2067 5131
2067 20906
12417 19952
12417 4551
2076 11340
2077 6344
2077 9813
2077 2230
2077 1618
2077 20609
2077 16469
2078 8724
2087 12235
2087 12811
2087 6213
2087 3702
2087 6950
2087 7761
2093 5428
2100 21784
2100 11500
2100 13691
2100 2284
2105 17807
2105 7974
2105 9211
2105 12252
2105 4809
2112 13257
2112 8974
2114 7537
2114 6248
2114 20381
2114 6595
2114 14880
2114 10488
2114 2477
2114 3907
2114 5108
2114 2854
2114 4095
2114 9102
2114 6330
2114 17149
2114 7974
2114 22102
2117 7360
2117 8115
2117 10107
2117 12204
2117 15156
2117 4663
2117 2265
2117 3004
2117 18409
2117 5561
2117 16561
2117 20871
2117 8935
12749 13597
12749 2147
12749 2552
12749 6811
12749 11152
12749 18883
12749 12751
12749 13865
12749 16838
12749 8603
12749 9324
2125 4438
2132 14964
2146 20941
2146 2445
2146 17993
2146 12344
2147 18821
12922 8390
15211 8274
15211 13893
17807 11501
17807 13537
17807 3205
17807 17523
17807 20046
2161 18688
2163 15625
2163 21214
2171 17182
2171 2705
2171 19730
2171 20083
2172 8716
2173 12203
2186 16778
2189 2434
2208 19544
2208 15990
2216 3047
2217 18416
2221 10652
2221 20065
21190 9149
2226 4644
2229 18137
2230 20083
2230 5447
2230 11785
2230 7691
2230 21955
2230 13853
2230 14083
2230 20540
2230 13643
2230 11559
2234 4402
2235 7837
2235 6722
2235 8390
4101 11657
2245 8841
2245 21550
2245 22366
11563 7586
2262 3855
2268 14151
2271 15839
2272 4852
2281 16422
2284 11295
2284 19641
2284 4809
2284 4751
2284 13945
2284 22339
2298 18038
2302 3927
2310 4819
2310 15183
2316 19001
2335 14105
2352 12875
2365 6433
2368 16728
2368 7761
15246 4338
15246 3616
2376 11504
2388 18312
2388 17344
2388 7657
2391 6885
14495 1618
2410 3058
2410 18708
2410 16709
2428 11892
2444 20766
14695 20984
2454 13302
2454 14428
2466 7271
2466 2719
2466 9554
2466 2051
2466 7822
2466 20415
2472 13090
2472 14289
2476 19950
2476 8279
2476 4655
2476 10568
2476 17243
2476 6388
2488 8417
2493 13257
2505 15839
2514 3047
8309 5610
8309 11302
8309 9171
8309 6082
8309 11479
8309 9901
8309 7910
8309 18491
2533 17571
2533 5089
2533 3004
2533 7144
2533 6356
2533 16548
2534 21054
2534 17304
2534 9254
2534 5026
2543 15630
2544 13257
2544 8480
2544 779
2544 7761
2544 14804
2544 5948
2544 14399
2544 14985
2544 7046
2544 6213
2544 2600
2544 16727
2544 7880
2544 21489
2544 7438
2544 12569
2544 21550
2545 18115
2546 17983
2552 4338
2554 3631
2555 12650
11606 17686
2570 7627
2571 10145
2571 12381
2571 19937
2586 21937
2594 7810
2595 10549
2597 9441
2600 20770
2602 15013
2614 14872
2619 924
2623 12221
14985 15354
14985 7175
14985 3987
2631 20784
2631 5428
2637 17016
2642 9725
2642 17846
2642 6660
2642 20249
2642 9169
2642 8201
2647 4356
2658 7691
2658 6015
2658 11559
2661 13823
2686 18592
2692 3437
2694 7865
2699 21166
2699 19103
2699 12983
2701 16211
2705 14325
2705 12329
2705 20933
2705 14009
2710 6565
2719 18369
2719 16786
2719 11469
2719 15947
2719 15839
2725 18759
2725 10342
2725 14790
2732 21685
2732 19357
2732 10253
2732 19801
2732 13670
2732 17507
2743 10501
2743 7162
2749 11504
2754 15839
2754 7218
2755 21662
2755 8190
2761 15797
2761 12779
2762 11648
2769 10232
2769 5216
2791 19435
2792 8190
4191 17586
2814 22338
2828 7314
2837 9646
2837 17323
2837 17142
2837 7974
2837 8936
2842 16328
2842 16728
2842 21489
2842 264
2842 11295
2842 21550
2854 11559
2856 3702
2858 5351
2860 1719
2870 3153
2884 12472
2884 21120
2884 14746
2884 19177
2884 10379
2884 19000
2885 17022
2886 17211
2890 19362
2901 5248
2901 17309
2901 21756
2901 21813
2901 6399
2902 12779
2902 13731
2902 4230
2905 20491
2905 11557
2912 3761
2912 20730
2915 17540
15347 19730
2930 9578
2930 14274
2947 11785
2947 14607
2947 9322
2950 6089
2950 7858
2958 6089
2959 19801
2972 8158
11676 7269
11676 4737
11676 4634
11676 18886
11676 3896
11676 12071
11676 9352
2990 13886
2990 6173
2990 10294
2990 18886
2990 13672
2990 21787
2990 12353
2990 15543
2990 18573
2990 9339
2990 19944
2991 21835
2994 7449
3004 17642
7944 13508
3015 7452
3022 13562
3034 18038
3034 4857
11212 8921
3051 4721
3051 19949
3053 8665
3056 18115
3058 11295
3058 3917
4232 16214
3069 6206
3070 4653
3070 18369
3070 15839
3074 16439
3074 6859
3086 22220
3086 12837
3091 20083
3108 14942
3111 19859
3115 21489
3116 9283
3129 22144
3129 19261
3130 8724
3139 10066
3153 21784
3153 16876
3153 16689
3153 5458
3153 20517
3153 1987
3153 21662
3153 11795
3153 4329
3153 20632
3153 12853
3153 14204
3160 9445
3160 15839
3184 20212
3187 22297
3188 10160
3189 6013
3193 4474
3199 18584
3205 18343
3205 13731
3205 8921
3205 19261
3210 17142
3212 15769
3213 5082
3218 19364
3221 2051
3221 6677
3221 21775
3222 13508
3223 19017
3223 6390
3223 12252
3223 3925
3223 19544
3223 15373
3223 17421
3223 9030
3226 20076
3237 18568
3242 17476
3251 10594
3252 4558
3252 4724
3252 13508
3267 9268
3269 11343
3269 264
3269 7370
3270 18969
3291 15717
3291 8554
3297 13435
3299 21662
3305 13075
19904 7251
3318 7251
3346 10743
3349 12326
3354 18343
3354 12158
3373 12473
3373 9891
3377 11295
3377 1618
3377 21772
3377 17831
3377 19127
3383 11536
3394 8417
3395 22149
3395 21937
3398 16348
3400 6206
3400 10594
3400 3047
3408 11519
3423 3702
3423 20278
3423 12252
12812 9891
3432 10345
3443 21222
3449 3855
3449 20180
3451 5946
3451 8174
20761 16729
3466 12381
3466 16211
3467 5131
3472 8417
3472 13731
3472 12664
3473 18960
3475 9891
3475 4438
3488 11256
3488 5687
3493 10253
3493 13670
3493 8921
3493 11743
3493 3644
3493 6390
3495 7305
3503 18716
3504 3917
3507 16709
3522 15714
3529 11469
3529 21237
3529 15839
3529 7218
3532 9128
3532 11332
3541 6737
3541 5156
3541 17128
3543 19756
3546 8679
3546 14539
3546 3946
3546 21445
3546 15240
3546 7618
3546 5987
3552 7000
8606 9532
3557 16137
3559 15373
3576 13680
3577 4979
3589 6302
3589 10501
3589 12005
3589 13965
3589 18412
3589 21054
3592 9445
3614 6477
3616 12091
3616 6722
3616 21054
3616 19581
3616 21955
3616 4143
3623 16116
3627 21751
3629 9441
3630 16778
3631 8439
3631 6029
3631 19658
3642 6879
3644 20967
3645 17323
3647 15041
3652 7496
3653 15839
3664 13302
3664 14428
3673 17806
3677 15394
3677 5713
3677 19376
3683 8113
3695 7830
3699 8446
3702 22373
3702 7305
3702 20141
20135 16778
3709 21662
3720 20748
3720 13691
3721 1368
3726 22144
3726 16469
3728 13436
3741 17586
3741 15947
3741 13633
3741 11403
3741 15839
3741 4653
3745 6390
3754 18698
3755 5713
3757 4296
3761 11642
3761 9020
3761 15662
3766 6987
3769 6206
3792 7865
3797 9940
3808 13777
3809 7835
3833 15839
3836 6963
3836 5365
3836 11130
3838 8843
3838 12252
3838 4724
3838 8417
3852 9126
3855 21247
3855 21637
3862 17075
3862 21272
3862 11894
3862 19366
3862 21438
3862 6130
3862 18854
3862 13691
11831 1424
3887 6248
3887 14880
3887 6330
3887 17149
3887 4095
3887 22102
3887 5108
3891 8417
3896 14916
3902 5713
3906 15947
3906 16786
3906 20778
3917 14358
3917 4448
3917 13471
3917 11169
3917 18408
3917 15616
4372 20083
19319 19850
3924 10115
3927 6115
3927 6334
3935 7627
3935 14490
3935 19896
3938 4862
3945 11088
3946 17113
3946 18101
3948 7891
3948 5463
19949 5070
19949 12031
19949 11851
19949 16663
19949 19839
19949 14785
19949 4356
3966 21691
22388 18724
1429 18113
3993 5156
3994 19756
4003 19357
4003 9532
4003 15990
4003 15373
1618 17304
1618 5333
1618 11507
1618 7691
1618 15449
1618 21590
1618 21054
1618 21240
1618 6859
1618 5739
1618 21955
1618 15468
1618 16730
1618 14856
1618 9152
1618 19956
1618 5499
4018 22373
4018 20770
4041 8520
4049 18115
4051 7932
4051 8477
4051 21139
4051 19174
4051 12798
4051 17917
4051 14948
4051 15897
4051 12220
4051 12486
11860 21747
4064 12569
2051 9777
2051 10980
2051 16786
2051 11469
2051 20778
2051 8574
2051 4653
2051 7365
2051 14308
2051 17169
2051 18369
2051 16100
2051 15947
2051 15839
4072 17128
4072 5156
4076 17983
4082 22302
4086 9414
4086 21747
4086 19596
4086 7974
4086 8518
4091 4338
4095 17725
4095 6015
4096 10241
4099 12779
4111 11329
4111 16328
4127 18064
4128 19937
4137 19405
2517 5775
2517 12569
4152 22078
4152 12779
4168 7679
4168 7383
4173 21561
4173 13337
4178 9052
4178 19028
4189 6312
4196 20083
4199 7800
4199 4809
4210 9283
4211 6390
4211 8843
4211 12252
4211 8417
2940 17795
4225 13435
4225 7830
4230 22093
4231 7496
4265 20436
4265 19943
4277 18187
4278 22095
4284 1919
4284 12981
4290 14551
4293 11340
4293 9156
4293 9454
4293 18277
4293 19609
4293 9152
4293 19049
4296 7162
4296 9891
4296 4474
4296 12628
4296 9196
4296 8390
4296 8512
4296 16278
4299 6176
4299 14158
4299 4397
4318 11890
4325 8417
4325 12592
4329 21608
4334 5749
4334 10547
4334 22032
4334 9422
4334 13718
4334 20212
4334 21620
4334 12048
4334 14380
4336 14490
4337 14191
4338 11859
4338 8113
4338 12948
4338 12506
4338 18883
4338 8274
4338 5741
4338 4496
4338 16548
4342 5946
4347 17525
4348 7800
4348 20516
4349 18759
7982 17474
7982 14619
7982 20170
7982 12573
7982 17983
4354 14003
4354 8936
4356 14981
4357 21691
4368 7798
4368 9882
4382 5131
4382 20906
4382 5713
4396 5156
4398 6556
4424 14496
4432 20083
4436 20578
4438 8094
4441 17019
4441 14694
4441 14709
4443 21054
4443 9891
4443 21955
4452 12569
4453 13435
15601 22060
4474 18416
19981 17738
4480 17392
4495 6282
4496 20875
4501 11390
4502 7880
4526 15060
4531 15366
4551 19001
4553 13302
4553 14428
11935 20083
11935 13231
5024 21747
15613 17320
15613 13849
15613 9211
15613 1905
15613 12592
4564 18229
4565 22366
4584 9259
4584 8230
4587 18594
4587 21600
4587 20415
4587 19624
4588 19127
4592 22302
4593 7588
4596 9578
4602 8144
4609 21866
4625 14619
4644 15097
4644 15033
4644 3167
4655 22416
4655 1370
4655 13873
4655 22151
779 19092
779 20399
779 18254
779 10203
779 18719
779 11960
779 21255
779 20638
11956 18205
4663 7042
4665 4748
4665 11680
9493 20543
4675 13128
4675 15680
4677 15839
4691 9901
4692 16729
11962 20083
4699 13610
4699 20206
4701 21054
4701 7162
4701 21240
4701 15391
4701 20083
4701 14619
3523 13635
6015 11536
6015 14880
6015 14697
6015 7974
4716 11046
4716 7686
4716 21284
4716 11597
4722 6518
4722 11745
4724 22389
4724 11727
4724 21545
4724 17639
4724 16277
4724 17740
4724 11507
4724 19919
4730 20183
15384 9578
15384 15947
15384 11469
15384 10348
15384 10299
15384 15839
15384 16100
15384 12241
4750 19405
4751 10248
4751 16542
4751 17392
4757 8587
4767 11469
4779 9827
4789 18234
4789 21033
4796 12790
4801 5590
4809 13691
4809 20810
4809 18664
4809 8700
4809 13388
4809 18180
4809 20083
4810 8883
4819 17490
4823 5201
4825 17291
4825 5239
4825 21767
4825 11329
11982 21237
4836 14596
4836 21222
4839 11295
4841 13166
4846 17890
4846 14003
8251 6534
4852 13128
4852 18408
4855 22322
4857 6771
4860 18344
4862 15137
4864 7800
4864 7536
8253 6341
4873 5775
4879 8113
4879 20421
4879 16278
4879 20305
4883 6062
4884 17507
21866 5900
21866 20415
4888 10454
4888 12965
4888 9412
4889 8716
4900 13371
4900 11289
4900 8737
4900 16519
4920 16922
4920 20083
4920 11797
4922 8665
4938 7462
4956 21004
4956 7880
4956 10670
4956 6213
4956 16728
4956 13945
4956 17596
4958 14375
4966 19972
4967 6390
4967 8843
4967 8417
4967 12252
21185 7891
4983 11892
4984 16484
4994 10641
4994 11727
4994 15021
4994 8015
4994 17934
7663 1919
4999 8992
5020 13100
5023 20875
5025 14490
5025 19896
5036 15936
5041 15449
5044 19507
5045 4708
5065 18690
5070 18234
5070 13083
5070 14058
5070 14377
5071 14916
5071 19850
5077 22144
5077 19017
5077 14157
5077 18969
5077 19261
5077 8803
5077 12252
5077 15744
5089 16903
5089 15694
5127 18525
5131 9237
5131 7766
5131 12046
8572 19009
5149 9470
5152 20119
5156 18483
5156 7590
5156 11807
5156 8621
5156 14136
5156 11611
5159 13044
5182 4618
5182 5820
5183 16778
5183 19977
5183 19896
5198 10446
5198 18854
5199 22353
5201 13471
5201 18273
5209 10278
10442 8713
10442 20927
10442 12203
10442 17030
5215 12847
5215 18592
5215 12957
5221 15936
5229 10990
5229 1987
5229 12677
5239 21054
5239 12839
5262 6820
5271 9332
9414 20415
5290 16816
5290 21092
5299 8158
5304 6849
5304 15442
5311 18454
5315 7378
9365 6412
5333 6344
5345 17681
8325 8477
5351 19817
5351 17725
5353 8353
5353 8500
889 20584
5358 16716
9898 5531
9898 1418
9898 15936
9898 20349
5371 21184
15750 11743
9980 22144
5394 16226
5394 12415
5395 10341
5395 12975
5395 16838
5395 15315
10064 10743
10086 13633
10086 16378
5414 17323
5422 11892
5422 20584
5422 5948
5422 14804
5428 6326
5428 15545
4619 20516
4619 22396
5439 11568
4979 9395
5447 7853
5448 13435
5448 19850
5453 17933
5453 16903
5456 13731
5456 13508
5456 12217
5458 21608
5463 5896
5463 11239
5463 10319
5463 11315
5463 18216
5463 8925
5463 10498
5463 14532
5466 11892
5466 6213
6275 16193
6275 7602
6275 11112
6275 17377
6275 21438
6275 6113
20550 7691
20550 21955
5483 13597
5483 10606
5483 16771
5486 20766
5490 6068
5490 17135
5495 16778
5496 4273
5499 17744
5518 9369
5529 8992
10827 7830
10827 9827
10827 7536
5535 15839
5539 14782
5561 7042
5561 9882
5564 6506
5578 7949
5597 9891
11295 9672
11295 19183
11295 16548
11295 17161
11295 16905
11295 13434
11295 11500
11295 16736
11295 13992
11295 8700
11295 13862
11295 21403
11295 20083
11295 17378
5608 22122
5610 20326
5611 20415
11354 7879
11402 14764
5633 20083
5634 15407
5636 13177
5636 8843
5636 6390
5636 12252
5636 9725
5637 18918
5637 21843
5640 17275
5640 19375
5666 11785
5671 21654
11721 7000
5686 9646
5687 18277
5694 11875
5694 7000
5713 10744
5713 13888
5713 16070
5713 20927
5713 17253
5713 5778
5713 17030
5715 8417
11890 20750
11890 14097
5719 17560
5719 12588
5721 18183
5721 15556
5731 12264
5731 18808
10114 16606
10114 15099
10114 12440
10114 20362
5744 12076
5771 20846
5772 11892
5775 9174
5775 11916
5775 11456
5775 22373
5775 12853
5792 6869
5797 11209
5797 15072
11227 18788
5828 7403
5828 7761
5828 12569
5828 6950
5831 8531
5831 15941
5851 1370
5862 8716
5886 8913
5886 14320
5893 12677
5893 14228
5902 15464
5902 18819
5902 20770
5902 16533
5906 21937
5911 21608
5918 13892
5932 7528
5934 17457
5934 7679
5941 18648
5946 11193
5946 15041
5946 11003
5946 14789
5946 9133
5946 17787
5948 10606
5948 21413
5948 21845
5948 7911
5948 20436
5948 6097
5948 12247
5948 20863
5948 20504
5948 21214
5948 19943
5951 21772
13371 13302
15852 14399
13417 8115
13417 20578
5967 11469
5967 4653
5967 16100
5971 10743
5981 17937
21987 12252
5990 12797
5999 19039
6011 14090
6013 16816
6013 7603
6013 8405
6013 18648
6013 7992
6013 14125
6013 8268
6013 19263
6023 7360
6023 10816
6023 7012
6023 20633
6023 12204
6023 22331
6023 15156
6023 9636
6023 10096
6023 19399
6023 15386
6023 19983
20148 17020
20148 15511
20148 9109
6040 22302
6040 10404
6040 22309
7709 13508
6074 14872
6082 6477
6082 13790
6084 9470
6088 9411
6089 15041
6089 14872
6113 6390
14298 6471
6115 10594
6115 22040
6115 6213
15885 17983
6139 14787
6139 17142
6140 8139
6140 11158
6140 15951
6140 14497
6140 11498
6147 14164
6147 8713
6158 16728
6158 20363
17444 19739
6174 9300
6188 16146
6190 7029
6190 7251
6206 19362
6206 13399
6206 19921
6206 6722
6206 13680
6206 7162
6206 15473
6213 11104
6213 11657
6213 16851
6213 22005
6213 14693
6213 16816
6213 19472
6213 17309
6213 8700
6213 18203
6213 17582
6213 18883
6213 20770
6213 8381
6213 16135
6213 3954
6213 13642
6214 1919
6238 22267
6264 10345
6272 21662
6272 15310
6272 21972
10368 11055
6282 12344
6282 8381
6306 14003
6312 21536
6320 9532
6321 7251
9602 17686
6340 13849
6344 9858
6344 13691
6344 9946
6344 9891
6367 19341
6382 3047
6383 11844
6390 17639
6390 14264
6390 12640
6390 13134
6390 19050
6390 16688
6390 16193
6390 22084
6390 11112
6390 15632
6390 9829
6390 14709
6390 11507
6390 7917
6390 21035
6390 19948
6390 12872
6390 17438
6390 10828
6390 12874
6390 20180
6390 11324
6390 21438
6390 20510
6390 13039
6390 20281
6390 17633
6390 7311
6390 15367
6390 10530
6390 15970
6390 17377
6390 11102
6390 19588
6390 17523
6393 18711
6399 10557
6400 8418
6413 17323
6413 19972
6433 12677
6436 13670
6439 7800
6439 10670
16396 9301
6461 10872
6467 13853
6470 15694
6470 17525
6471 10045
6475 7800
6477 7809
6477 13631
6477 9901
6477 16003
6477 12181
6477 11479
6477 18491
6477 14442
6489 19001
6489 3167
6502 18488
6507 17586
6511 9042
6518 8921
6518 12252
16922 16328
6539 13946
6556 18064
6556 12393
6565 19704
6565 21803
6565 12516
6565 9674
6565 13769
6566 7886
6603 10253
6609 10594
6611 17421
6612 8584
6622 8838
17602 14399
6648 13789
6655 14872
6659 9891
6660 16170
6665 8369
6667 11875
6677 16772
6677 8716
6677 17323
6677 7218
6722 16832
6722 12837
6722 18952
6722 16910
6722 21004
6722 10670
6725 13103
6737 12827
6738 15839
6750 7891
6750 19988
6760 11872
6763 7800
6763 19621
6763 7251
6763 14551
6768 21489
6771 17135
6771 17847
6774 4546
6774 8664
6779 21644
16017 11785
16017 19519
16017 10108
16017 9291
16017 9322
16017 20136
6783 11375
6796 9367
6796 19730
6796 18759
16387 4546
16387 13965
16387 13680
6804 9470
6810 12252
6810 8417
6810 22144
6810 13731
6811 16727
6834 19189
6836 6932
6836 20965
6836 13618
6842 8587
6849 13351
6857 15772
6859 17126
6859 11536
6859 18343
6859 22260
6859 10013
6859 18345
6859 18694
6859 18039
6859 16328
6859 11579
6859 18115
6859 9514
6866 15106
6866 10557
6867 12393
6871 22267
16748 9891
16748 11328
6873 12497
6873 13187
6888 21920
6905 18205
12308 14274
12308 10299
6908 12569
6932 10345
6932 11343
6934 19534
6936 18064
6936 7886
6940 8230
6940 13306
6956 16348
6987 20012
6987 19617
6987 12031
6987 19038
6987 19189
6987 16472
6987 20206
6990 9940
6992 18449
6992 17304
7000 18866
7000 13128
7000 18708
8587 18063
8587 20489
7012 13022
7012 13746
7016 8663
7017 10670
7017 9441
19868 17525
19868 15694
7036 16716
7036 9164
7036 20415
7036 11719
7046 18819
7049 18064
7049 12393
7063 11743
7078 17566
7358 15936
7121 20415
7132 19092
7132 21917
7132 9180
7142 11494
7144 21222
7144 17744
7155 19896
7161 11051
7162 18343
7162 20516
7162 7341
7162 11329
7162 8446
7162 10013
7162 17022
7162 10594
7162 11185
7162 12569
7162 6029
7162 16328
7168 18446
7174 9646
7181 8664
7187 11892
7197 9703
21011 15137
7206 5972
9019 9532
7216 22309
7230 9211
7232 17362
7233 6233
7233 2291
7233 14948
7233 13795
7249 16351
7251 18303
7251 20096
7251 21269
7251 16852
7251 7746
7251 19235
7251 10718
7251 13399
7251 17710
7269 11343
21464 12138
7291 8974
7291 21489
7297 9392
7305 14399
4942 14490
7311 11423
7311 15797
7313 9777
7313 15947
7314 9018
7320 14734
7336 9042
7341 21054
7341 20083
7343 11403
16115 14709
16115 16075
7348 21033
7350 18396
7350 10387
7362 7809
7371 16349
7374 15373
7378 19970
7378 17047
7383 19405
7383 17397
7390 13849
7403 17374
7403 12853
7408 16778
7408 16248
7438 16851
7438 15315
7438 20770
7438 11041
217 12650
7462 8015
7462 11102
7462 11557
7462 14862
264 18892
264 12071
264 8990
7469 14202
7469 12823
7492 18456
7492 9715
7496 13158
7496 13448
7501 12875
7528 10020
7536 13680
7536 14619
7537 11574
7537 21790
7542 9578
7557 9226
7564 15797
7571 17050
7571 16696
7589 14240
7589 21790
7589 9254
7590 11851
7602 19017
7602 12252
7602 15744
7602 8417
7602 21219
7617 8654
7617 21916
7617 11778
7618 17113
7618 18101
18957 7835
7624 11343
7627 20598
7664 14490
7676 8706
7676 20174
7679 19405
7679 8791
7683 8001
7683 20968
7683 18012
7683 19831
7691 14804
7691 20741
7691 21767
7691 7974
7691 19127
7691 14880
7691 17744
7691 22102
7691 11536
7699 11719
7711 21129
7735 16778
7735 19977
7738 9042
7744 18161
7749 19994
7761 18015
7761 20770
7761 11332
7761 15616
7761 11061
7761 6784
7767 20183
7776 8158
7776 16211
7776 12381
7776 19937
2113 19950
2113 16858
7796 7835
7798 22428
7798 11392
7798 18409
7798 9924
7800 13865
7800 13691
7800 11158
7800 15468
7800 9625
7800 15183
7800 18883
7800 11899
7800 21662
7800 8700
7800 20083
7814 13635
7822 15947
7822 10299
7824 7830
7824 14734
7830 15159
7830 11822
7830 19885
7830 14906
7830 7911
7830 15131
7830 7565
7830 22171
7835 16466
7835 11657
7835 20246
7835 11553
7835 12485
7837 9109
7848 20584
7848 14398
7848 17838
7854 15523
7854 19001
7858 14872
7858 11879
7865 17512
7865 16887
7880 11273
7880 10319
7880 20770
7880 20377
7880 11634
7880 7911
7886 16726
7886 9834
7892 8843
17869 21525
7917 8478
7917 11423
7917 17507
7917 12252
7919 15680
7919 14049
7919 11657
7930 18055
7932 17497
7932 3047
7934 10727
7939 20278
7949 10966
7949 11905
7953 20584
7956 13323
7956 19135
7956 10045
7957 20083
7974 10354
7974 9891
7974 21061
7974 21662
7974 12564
7974 3880
7974 16392
7974 11559
7975 19445
20542 15839
20542 20183
7993 8190
7994 13746
7998 13435
8001 22302
8001 20954
8001 18039
8001 15902
8001 11329
8001 8494
8001 12554
8013 9180
8013 22417
8013 18107
8015 8417
8015 12252
8018 13175
8026 9777
8026 14797
8026 15839
8026 20778
8035 13083
8054 15839
8063 9133
8063 22316
8074 17304
8087 11073
12526 11343
3912 18688
8106 19937
8123 10383
8133 15936
8138 18064
8139 17890
8139 17831
8158 11340
8158 21518
8158 9156
8158 15183
8162 16437
8168 17898
8168 12217
8174 17705
8179 14619
8190 14354
8190 22016
8191 7384
8197 11255
8197 16214
8216 8279
8221 9940
8225 22240
8225 10983
8225 22417
8230 14163
8230 21951
8230 8866
8230 13926
8230 21196
8241 14797
8242 10404
11384 8841
11384 10550
5083 8584
8271 4653
8271 15947
8271 15839
8274 21489
8274 18952
8274 14804
8274 18416
8279 13597
5086 13257
5086 8974
5086 10594
8292 15947
8294 18216
8295 16778
8299 19009
8311 19739
8311 9646
14451 17323
6964 18488
8337 16469
8340 9499
8346 16469
8346 14040
8348 16786
8348 13715
8348 11403
8353 10066
8353 9174
8353 18107
8353 11767
8353 19258
8353 11003
8364 15137
8390 16120
8405 13838
8405 6054
8417 17639
8417 14264
8417 11842
8417 12640
8417 17516
8417 10454
8417 15021
8417 19919
8417 3648
8417 11507
8417 17079
8417 8466
8417 15957
8417 16972
8417 11102
8417 13794
8418 14715
8422 18465
8425 11837
8434 12252
8442 15183
8442 19593
8446 13726
8446 10606
8446 21536
8446 19943
8446 12071
8450 13435
8466 18499
8477 3047
8478 16197
8478 18052
8488 5372
8500 19743
8500 11003
8500 21729
8500 10066
8500 10256
8510 15154
8516 19896
8517 16180
8518 19360
8535 11588
17831 12283
17831 11500
17831 16496
17831 21403
17831 20083
17831 8700
8554 14942
8555 14551
8561 14003
11545 11892
11545 15610
8574 20415
8574 19001
8576 18688
8577 10594
8577 21608
8579 12518
8584 15637
8584 13352
8584 21023
8584 19418
8600 12837
8601 9725
7126 14003
7126 17890
7137 2071
16349 8113
16349 19757
16349 12993
16349 20779
16349 14383
16349 19710
8614 22302
8614 18038
8614 10265
8614 15869
8631 8665
7357 15947
7357 15839
7357 16786
7357 4653
8646 12569
8654 19826
8663 21775
8664 21608
8664 17681
8664 11358
8665 12694
8665 6669
8665 8735
8665 19772
8674 16566
8674 18374
8674 21240
8674 20003
8676 10725
8676 13769
8679 17113
11719 8716
8693 9716
8693 17779
8700 18952
8700 9999
8700 12453
8700 13001
8706 13731
8710 14757
8716 20337
8716 10387
8716 12777
8716 13639
8716 18850
8716 20415
8720 17586
14049 12569
14049 11977
8724 8113
8724 13441
8724 20141
8724 22433
8724 17983
8737 13302
8738 11892
8754 11311
8762 9792
8762 8246
8791 17457
8803 14745
8803 11507
8246 21618
8838 14851
8841 19092
8841 18216
8841 20770
8843 12420
8843 14264
8843 14628
8843 15021
8843 12876
8843 11324
8843 11507
8843 11102
8843 17740
17392 13435
17392 21128
17392 20949
17392 10586
17392 14551
17392 16728
17392 16903
17392 15409
17392 11700
17392 10836
17392 16340
8883 10488
8883 16778
8883 10345
8883 13892
8893 15839
8905 12569
8913 14742
8913 22182
8921 19697
8921 11753
8921 21186
8921 10890
8921 11071
8921 22093
8922 20746
8929 14417
8936 20212
16399 12252
8633 13997
8957 3047
8966 19839
8934 15694
8974 19253
8974 15478
8974 13434
8974 9146
8974 18883
8974 18803
8974 13471
8974 18760
8974 15156
8974 15132
8974 20305
8974 14083
8974 11131
8974 9741
8974 20504
8974 12126
8974 18273
8974 15782
8980 17376
8980 13128
8980 15616
8980 20429
8980 12305
8980 18708
9309 9069
8992 11861
8992 14066
8993 9200
20199 8115
9018 11785
9018 22329
9018 19743
9018 20083
9018 21729
10236 12329
9030 21595
9030 15735
9030 18468
9030 16688
9030 13039
9030 16193
9030 18673
9030 9829
9030 11102
9030 12762
9031 14285
20206 15137
20206 21141
9052 13581
20209 22214
9065 15839
9066 9291
9066 16548
9069 13247
20212 22122
20212 9646
20212 10771
20212 18698
9073 16340
9092 14236
9109 12354
9117 16778
9120 8265
9126 21489
9126 20894
9126 18952
9128 17586
9128 19699
10170 15622
9131 9560
9133 20113
9138 14105
9156 12381
9156 19937
9162 20176
9164 11568
9164 15839
9164 20778
9164 10348
9164 15947
9164 16819
9169 14710
9180 9337
9180 15936
9180 20349
9196 21489
9196 10594
9200 16533
10643 21489
10643 16575
10643 14399
9209 15839
9211 21951
9218 10345
9240 14399
9254 17126
9254 14456
9254 12158
9254 11185
9254 16328
9254 10813
9254 12569
9254 21767
9254 15610
9254 9873
9266 7135
9283 19364
9283 20631
9283 19061
9285 10727
9287 20584
9291 15495
9291 17739
9291 19318
9291 9396
9291 17703
9300 12411
9300 22306
9300 10858
9304 9910
9304 9928
9304 16709
9304 11634
9304 18708
9304 21214
9304 13691
9319 10488
9319 13435
9319 10345
9319 20543
9319 13892
10232 15209
9329 14872
9334 12650
9337 10498
9337 20740
9352 15229
9366 17323
9382 14003
9392 18409
9411 18690
9411 9834
9438 18183
9438 19369
9441 8113
9441 13727
9441 20750
9441 17343
9441 10824
9441 19304
9441 11617
9441 20810
9441 12573
9441 14842
9452 3047
9469 10608
9470 20464
9470 16645
10742 9882
9497 9891
9499 19983
9499 13742
9499 12896
12776 9940
9508 8115
9514 21054
9514 14922
9514 15478
9514 10501
9514 16976
9514 13680
9514 20784
9530 20507
9532 10454
9532 10914
9532 19423
16493 13705
9549 21337
9549 10426
9549 20770
9554 18711
9560 18819
9560 20710
9560 13657
9560 16238
9560 20083
9568 21542
9574 19838
9582 14551
9582 19854
9597 17020
9597 20766
9603 14308
9603 10980
13104 19896
9618 22297
9629 4653
9630 17450
18969 13576
18969 18015
18969 19851
18969 18216
18969 12853
18969 15616
18969 11158
18969 12495
18969 20362
18969 10988
18969 21033
18969 11797
9636 11892
9636 14551
9641 5372
13268 10550
13268 19127
13268 19641
13268 20363
9646 10154
9646 18312
9672 16728
9677 21489
9685 17983
9695 18759
9695 17921
9699 11073
9702 21054
9702 15449
9702 21337
9706 19801
9708 19842
9710 15520
20856 13435
9725 12209
9725 19368
9725 16015
13771 18114
20334 21691
9752 9891
9770 10882
9777 11003
9777 20415
9777 19001
9785 17566
9788 21081
9805 16716
9808 19405
9811 22371
9813 9891
9829 12252
16542 22144
16542 13731
9834 18441
9834 13946
9834 16214
9844 14191
9858 13435
9858 15366
9870 18488
16628 20415
9882 16561
9882 12204
9882 13630
9891 21020
9891 22382
9891 18167
9891 14880
9891 14697
9891 19621
9891 11015
9891 14040
9891 17490
9891 14169
9891 6029
9891 21225
12838 21489
5372 19739
5372 14040
5372 19584
5372 21301
9910 21608
9924 14697
9940 11802
9940 18819
9940 12853
9940 19092
9940 19245
9940 6276
9940 20538
9945 17417
5384 7135
9969 13461
9969 12386
9981 20415
9987 17113
15185 18208
9992 13435
9992 16389
15351 20730
15351 20415
12856 12321
10045 13435
11417 22469
10066 15936
10096 14551
10105 17128
10108 18918
10108 3047
10108 13000
10115 1370
10125 17596
20388 21642
20388 11785
20388 20083
20388 16712
10146 14105
12091 12837
12091 13425
10154 14511
12875 15717
12875 17661
12875 20965
12875 11603
10174 22217
10176 13441
10202 12120
10206 11785
10210 14703
16469 13886
16469 10903
16469 21240
16469 18662
16469 18954
16469 20083
16469 14010
16469 19362
16469 22118
16469 19178
16469 14619
16600 19938
16600 13128
16566 18637
16566 19127
16566 21767
10229 19178
10244 13945
10246 12364
10253 6621
10253 18118
10253 18905
10253 19567
10253 17695
10253 11102
10253 16197
10256 19850
10260 19521
10264 17323
10273 22267
10278 18416
10290 19670
10294 14191
10295 9957
10295 21120
10299 11161
10299 20948
10299 20730
10305 19237
14185 19854
10319 17686
10319 10345
10319 10608
10319 11892
10319 21650
9008 19341
10327 13306
10329 14942
10345 11341
10345 10503
10345 12936
10345 12464
10345 17171
10345 18216
10345 19851
10345 21606
10345 16895
10345 15236
10352 20875
10353 18637
10361 20954
10407 13431
10429 21489
17929 20339
10446 18416
10452 13731
10463 19608
10463 14709
10467 6458
10488 15236
10488 17148
10488 18966
10488 5590
10488 17983
10488 16895
10501 10813
10501 11185
10501 12569
10501 22293
10501 22040
10503 16778
18373 18952
10506 12235
10506 3047
18408 13746
10543 20230
18600 12381
10547 18488
10557 20577
10557 12829
10557 21260
20456 15874
18834 11638
10588 21036
10599 21183
10608 11273
10608 11634
10608 12354
10608 18216
10608 20770
10608 17148
10610 19399
10635 11763
15209 17596
10667 10808
10670 13965
10670 20083
10670 13886
10670 19730
6168 21180
10696 13187
10697 17938
10697 13508
10697 4558
10706 15775
10706 13885
10718 17686
10743 2487
10743 13030
10743 20301
10749 13435
3421 14003
16694 20176
10771 17725
10771 12935
10783 17586
11507 11536
11507 17126
11507 12252
11507 19261
11507 22144
11507 18167
11507 11127
11507 12664
20141 20507
20141 21550
10813 17304
10814 21627
20208 16054
5531 2929
5531 22240
5531 22417
10828 15407
10829 14880
10836 21662
10836 18409
10836 14228
10838 18416
12976 17323
10849 13435
10854 21756
10854 7409
10857 5972
10857 2206
10863 18657
10881 20083
10883 20024
10890 22144
10890 20309
10895 12146
10895 17642
10903 16185
10903 21124
20679 12650
10919 18277
10945 12837
10945 13684
10952 18488
20459 19757
20459 13291
10971 20949
16727 21784
16727 14497
16727 20770
16727 20863
10980 19001
11003 11700
11003 17525
11003 18657
11003 21129
11003 19405
11003 16389
11003 22092
11008 21793
11015 21790
11021 12518
11025 18000
11025 13055
15990 21438
11049 16100
11055 18706
11055 15041
11055 18012
21618 16836
11073 21489
11073 14804
11079 12008
11079 11329
22339 21403
11096 20507
21835 17691
11101 18216
11104 16728
11118 11329
11118 19127
11127 21662
11127 12640
21640 18952
21640 11892
11145 13435
11149 16786
11149 15839
13031 13435
13031 17421
11158 20875
11158 10013
11158 4573
11158 12569
11165 12569
11165 20875
11185 13680
25 12837
11201 15407
11202 18208
11211 12569
11239 21550
11248 13597
11255 15176
11273 21489
11274 18525
11274 13692
11289 19896
11306 20083
11324 12664
11324 18132
11329 21392
11329 16730
11329 21023
11329 20083
11332 8265
11332 21747
11332 11761
11332 19190
11332 20584
11332 16778
11341 13435
11341 20543
11341 14551
11341 13892
11343 8113
11343 21229
11343 17579
11343 13726
11343 16993
11343 22338
11343 19014
11345 21852
9325 18765
11355 15318
11358 20083
11375 18690
11390 20578
1315 15523
11403 11710
11403 20415
1424 15719
1424 17790
11423 2049
11423 11446
11423 18118
11423 12872
11423 17438
11423 20180
11423 12640
11423 18905
11423 16197
11423 17695
11449 19190
11451 21054
11455 20309
11456 14399
11469 19891
11469 19001
11479 13294
11479 19235
11487 11494
11487 17126
11494 13822
11494 21054
11494 16519
11494 12285
9434 16778
11500 19641
16660 12569
11525 12779
11536 21054
11536 16816
11536 17304
11536 12971
11536 21955
11536 13853
11536 21536
11536 18216
11536 20359
11550 17744
11558 14619
11568 18579
11568 20442
11603 14942
1919 15899
1919 16311
11624 20215
11625 21685
11634 21489
11638 12376
11642 20451
11648 22144
11648 17890
3047 11091
3047 22081
3047 16944
3047 12165
3047 17571
3047 17261
3047 21284
3047 20369
3047 15707
3047 14438
11699 19937
11700 12573
11703 22144
11703 14328
11710 14274
11710 14292
11710 12241
11710 16378
11710 15839
11711 22267
3167 13823
3167 22000
3167 9619
11714 15895
11731 12393
11742 11743
11743 21118
11745 11820
11745 13849
11745 14299
11745 12252
11747 19937
11761 8925
11761 5230
11761 18062
11761 19063
11761 17691
11761 18216
11761 15159
11765 12837
11773 13435
11785 20933
11785 18418
11785 13777
11785 21081
11785 14009
11785 15264
11785 14325
11785 12329
11785 17739
11797 19641
11797 20363
11802 12569
11804 7029
11809 21489
20657 18918
11842 19321
11850 14001
11851 22171
11872 8061
4176 14619
11875 12677
11879 12942
11892 16838
11892 19092
11892 18060
11892 14194
11899 13945
11906 21767
11916 13429
11916 14399
11921 21128
11921 13435
11921 21608
11947 14541
1987 20949
1987 10594
1987 21129
11968 21277
11977 12165
11977 12028
11977 17422
11987 19311
11987 12823
12014 16851
12034 15936
12050 16778
12053 12393
12077 14354
9445 22304
9445 19001
12128 17983
9453 5972
12138 15676
12138 18743
12158 13680
12158 21054
12158 16918
12174 16764
6045 19190
12179 21785
12181 16941
12198 15523
12198 19001
12203 17126
12204 21747
12204 7042
12204 13945
12204 13435
12204 14551
12204 21222
12214 22267
12217 17523
12235 19092
12235 20770
12241 21544
12241 14168
12241 20415
12241 19001
12245 14968
12252 17639
12252 14264
12252 21054
12252 12640
12252 16688
12252 19836
12252 12442
12252 16606
12252 13388
12252 17695
12252 17498
12252 18905
12252 20362
12252 21438
12252 17633
12252 15099
12252 17377
12252 12872
12252 21196
12252 15367
12257 21054
12275 14619
12275 10039
12285 7300
12321 18952
12329 17182
12329 19730
12329 20083
7042 14249
7042 12743
3842 21399
12354 18416
12356 15080
12361 6534
12364 18216
12364 15114
12369 19301
12369 6662
12369 14009
12374 20203
12374 19190
12376 17933
12381 18277
12381 19049
12381 18456
12381 20215
12393 13824
12393 17089
12393 10654
2071 21608
7625 12847
12472 15947
12472 15839
12472 7218
12517 13899
12518 7565
8113 17871
8113 14567
8115 20186
8115 21175
8115 19718
8115 17892
12534 17128
12534 19946
12558 14785
12558 15908
12569 18819
12569 17521
12569 18374
12569 20583
12569 20770
12569 20443
12569 20538
12569 20710
12569 9818
12569 16816
12570 21236
12573 22293
12573 6029
12574 15839
13257 10606
13257 15782
13257 12743
13257 13992
13257 14905
13257 20667
12580 17201
12588 10568
12592 21054
12592 21955
12592 15367
12602 15137
12628 14551
12631 17304
12631 21054
12640 17507
12640 16894
12640 19017
12640 15797
12648 18603
12650 14297
12650 19080
12650 19669
12667 17933
12674 22384
12677 20584
12677 14398
11463 21222
12696 13508
12704 12943
12738 20918
12743 17566
12759 19641
12779 17695
12779 14516
12783 20778
12814 16728
12823 13731
12823 18603
12837 20622
12837 17304
12837 17725
12837 18962
12837 16783
12837 20124
12837 11039
12837 20305
12837 10815
12837 14801
12837 13680
12837 15183
12837 15449
12837 20083
13309 14132
12865 17519
10454 22144
12899 2156
12900 17995
12924 18603
12924 17737
12927 20048
12936 14399
12963 16548
12980 20083
12984 19521
13001 21496
13004 15839
11152 21489
13055 17362
13064 19913
13083 20203
13083 17022
13083 15630
13103 17609
13110 21955
13110 13691
13112 14399
13128 13435
13128 14551
13137 15137
13140 13691
13140 20667
11102 19985
11102 17938
13156 7089
13166 19393
13168 10594
13171 20990
13175 9578
13175 16786
13175 15839
13253 13435
13294 17586
13302 20030
13302 16519
13302 20750
13306 21272
13312 13435
13312 14697
13329 16795
13032 17405
10348 19001
13388 21852
13395 5972
13425 17304
13425 18449
13425 15449
13435 21013
13435 22329
13435 14918
13435 19347
13435 18719
13435 14217
13435 16265
13435 16609
13435 21890
13435 19447
13435 15403
13435 21662
13435 17140
13435 18409
13435 15447
13435 20693
13435 20694
13435 21877
13435 17863
13435 16870
13443 17838
13443 17724
4995 19017
4995 21219
13473 16054
13476 21100
13508 16688
13508 20314
13508 15941
13508 21438
13508 16774
14120 13691
13537 19017
13537 21219
5985 15229
13578 19061
13580 13733
13581 16645
13597 16044
13597 10594
13597 17465
13597 6029
13597 18416
13618 7300
13620 17933
13630 14003
13633 19001
13635 19136
13643 21247
13643 14697
13647 13733
13650 20082
13657 14128
13670 20967
13670 17695
13670 16203
13679 14619
13679 20083
13680 20516
13680 15229
13680 18115
13680 21489
13680 16431
13680 16437
13680 18416
13682 17156
13691 7029
13691 21608
13691 16328
13691 16217
13691 21727
13691 17421
13691 16374
13692 22010
13692 21995
13692 16156
13692 21260
13704 16104
13705 22302
13712 16548
13731 13752
13731 20510
13746 19348
13752 15373
13772 19420
15694 13992
15694 19205
13822 15053
13823 20118
13850 18780
13853 15630
13862 19641
13865 17744
13866 16786
13866 20778
13884 18698
13885 15396
13892 15236
13892 16895
13893 17135
13893 21489
13895 18694
13896 22171
13899 17462
13911 13945
13917 18711
13932 14308
13943 18012
13945 16736
13945 13992
13945 14693
13945 21403
13945 18708
13945 20693
13946 16726
13946 14712
13956 14804
13965 16328
13992 16728
13992 14399
13992 19641
13992 17744
14002 20415
14003 21785
14003 14180
14003 14793
14003 22263
14009 17182
14031 9827
14040 16816
14058 17022
14082 18488
14090 20810
14119 19641
14128 14619
14132 1917
14132 21975
14132 18886
14147 14942
14154 20766
14157 21299
14157 19187
14157 20362
14168 15839
14168 20778
14168 20227
14168 16786
14169 14619
14186 20846
14186 18724
14189 21489
14194 17022
14219 19937
14228 15630
14228 15396
14228 14551
14229 21054
14229 19183
14229 14619
18719 18380
18719 20584
14247 293
14255 21685
9827 17197
9827 19885
9827 22357
14264 17938
14274 15878
14292 14795
14292 6576
14296 18708
14299 21186
14308 22338
14308 19001
14322 9578
14325 17182
14328 18010
14333 18657
14350 15947
14355 17107
14355 15900
13706 21747
14380 18446
14381 17616
14398 19725
14399 15782
14399 22373
14399 14918
14399 20770
19624 16014
14427 17128
14428 17509
14428 18216
14428 20030
14456 19541
14466 20746
14466 17323
14467 18918
14489 21608
14490 21662
14490 21214
14497 19896
14511 17725
14516 17938
14516 15797
14532 21489
14539 17113
14539 18199
14539 18101
14551 19762
14551 21942
14551 14936
14551 18409
14551 16895
14554 22171
14554 21803
14591 20304
14596 20770
14603 19896
14603 20363
14607 17525
14607 15264
14607 18418
14619 21365
14619 17330
14619 20420
14619 18363
14619 21608
14619 16854
14619 18115
14619 15526
14619 18694
14619 19621
14619 17603
14619 18738
14619 10013
14619 21772
14619 22001
14619 15118
14619 18438
14619 22293
14619 17049
14619 19658
14619 21225
21120 21974
21120 17586
21240 10013
21240 18343
21240 20176
21240 16459
14640 13644
14674 19850
14682 15783
14693 16728
13612 20949
14709 19405
14709 15136
14709 17566
14709 20420
14710 17323
14736 21489
14736 14804
7384 19001
14774 15630
14787 18811
14787 19267
7091 15839
7091 16786
14790 19520
14790 15442
14797 20415
14801 17476
14804 10606
14804 17617
14804 15695
14804 18803
14804 19519
14804 20917
14804 20770
14811 15936
14811 19896
14814 10594
14814 16728
12835 16858
12835 6388
14836 22267
14840 17681
14841 15772
14872 21839
14872 21331
14879 20415
14919 16437
14920 16449
14922 10594
516 20076
10394 20249
14933 19279
14942 20490
14942 16121
14942 19457
14942 21668
14942 18804
14955 10594
14955 21489
15023 22202
15035 21986
15041 16351
15053 21955
15053 20770
15106 22010
15118 19983
15126 20083
15131 21433
15137 20012
15137 20702
15137 20671
8342 20846
15142 19950
15142 16858
10380 20415
15154 18690
15164 17943
15183 16211
15183 19937
8990 19739
8990 10594
8990 21608
17243 5972
15229 16851
15236 20543
15240 21579
6276 20349
6276 20363
15264 22243
15294 15839
15297 21747
15303 20309
15331 5590
15337 16214
15360 22316
15371 19001
15373 16975
15373 17523
15373 16688
15373 20281
15373 19971
15396 21912
15397 20345
15397 21955
15399 15839
15399 15947
15399 7218
15407 22084
15416 11657
11655 22069
15449 21004
15449 18698
15449 17142
15454 18716
15454 19541
15468 21489
15473 18952
15511 20083
15523 17167
15532 21489
15552 17128
15553 19937
15602 19662
15602 22144
15602 21608
4558 16146
4558 21438
15614 20949
4573 21996
15616 21399
4618 16703
4653 16226
4653 20337
4653 22404
4653 16336
4653 18819
4653 19001
15649 22384
15662 21307
11657 21489
5026 6029
5026 20746
15712 21767
15718 17890
15721 16778
15735 21986
15739 9578
15744 17438
15744 20049
15744 16688
15769 17551
15782 21489
15783 17695
15783 18052
5590 20882
5590 20609
15791 19561
15791 20799
15791 21869
15797 19735
15797 18118
15797 19567
15797 17695
15797 20862
15828 22267
15839 18819
15839 22352
15839 20948
15839 19533
15839 21907
15839 16716
15839 22110
15839 20730
15839 8335
15839 10129
15839 20337
15839 16224
15839 22304
15839 22153
15839 16336
15839 20415
15839 19001
5972 17291
5972 20508
5972 19676
15858 19850
15864 20504
15883 17784
6130 22040
8326 22293
15936 10379
15936 17824
15936 16173
6388 22171
6388 17894
6388 22416
15947 18797
15947 16226
15947 19891
15947 21907
15947 20337
15947 18355
15947 21307
15947 18977
15947 16336
15947 19894
15947 22352
15957 19985
15967 21747
15971 11867
15971 19744
16009 21489
16011 16058
16014 21600
16014 20415
16036 16135
16041 20584
17586 16618
17586 17983
16054 22206
6406 19376
16092 19666
16128 22144
9081 18064
7565 21433
16211 18277
16213 19896
16265 20543
16316 17598
16328 21255
16328 20083
16328 20750
16340 18409
16340 20810
16340 16993
16345 19743
16345 21729
16348 18017
16348 20577
16348 22010
16367 20968
16386 10594
16392 21489
16392 21747
13471 20076
16431 19519
16449 16599
16459 9818
16471 17934
16506 17323
16521 20766
16548 16728
16549 21747
16583 20176
5306 16728
16609 17577
16688 19017
16688 19544
16702 19001
18447 21590
16709 20894
16709 19854
16709 20076
16712 20516
16722 21869
16728 18708
16728 16736
16736 19641
16737 17490
16772 17471
16778 21093
16778 17631
16778 20693
16778 17464
16778 18906
16786 18819
16786 20415
16786 20730
16838 21489
16851 20420
16854 19362
16854 20083
16858 22416
16887 19896
16895 20543
16903 21214
16903 22007
16903 20863
12031 21561
16918 17596
16921 19896
16968 17020
16975 19544
16993 21608
17022 21662
17022 21287
17022 21780
17048 17128
17062 17323
16100 18422
16100 19001
17067 20415
17075 21608
17126 21054
17126 17304
17126 21955
17128 18483
17128 14383
17128 20159
17128 20359
17128 20235
17128 18353
17128 18743
17135 10606
17135 10821
17135 22416
17142 21131
17148 21217
17148 21489
22267 21419
22267 18705
22267 19458
17169 20415
17182 20933
17202 19544
17213 22202
17231 21747
10321 20799
17247 17323
14164 19190
17288 21139
17288 18580
17304 17323
17304 18698
17305 17566
17320 21438
17323 20510
17323 20992
17323 17510
17323 19326
17323 17851
17323 20566
17323 18105
17323 20593
17343 17744
17359 19839
17421 20083
17450 19743
17450 21729
17450 18107
17450 21588
17498 22144
17507 21123
17507 21035
17507 17695
17507 18905
17507 21280
17507 18118
17507 21438
17509 19850
17523 19017
17525 21419
17530 19376
17547 21662
17558 22000
17566 19992
17566 20770
17596 20083
17632 17933
17645 19376
16581 19131
17686 20770
17686 20083
17689 19031
17695 19357
17695 21685
17716 21009
17725 21069
17739 20083
17744 19447
17784 21325
17806 18273
17838 21403
17848 21747
17863 20949
17863 21532
17871 21054
17871 21955
17874 18162
17890 22263
17892 19742
17898 18371
17915 21955
17921 19520
17930 21183
17933 20805
17933 20643
17933 20504
17947 10594
17983 21772
17983 20949
17983 21217
17983 20584
17983 22055
17983 10832
18038 20062
18039 21054
18039 20083
18060 21489
18064 19733
18064 22317
18064 20027
18064 18690
18115 21054
18118 19017
18120 21747
18137 20912
18167 21054
18216 19190
18234 8265
18262 8265
20096 22302
18273 21489
18277 19937
18343 21054
18343 19541
18343 18954
18363 20083
18416 20489
18416 19943
18416 18890
18418 19730
20962 20076
18465 20415
18488 20953
18488 18953
18525 20577
18525 22010
18525 21756
18657 19423
18664 19264
18699 21489
18702 21525
18708 22366
18708 21399
18708 21489
18716 19739
18716 20516
18724 10747
18768 19877
18797 20227
18802 19713
18819 20778
18819 22040
18826 21747
18850 19613
18869 21054
18872 19405
18883 20663
18892 10594
18914 20979
18918 21214
18924 21470
18952 19655
18952 14948
18982 20949
18992 20304
18997 20846
19017 20049
19049 19937
19061 21638
19092 1418
19092 20349
8265 19743
8265 21729
19127 21054
19127 21955
19177 20778
19190 19983
19190 10520
19224 22353
19261 20479
19321 21545
19321 21196
19369 7250
19376 21663
19386 7218
19399 21489
19448 21237
19469 22393
19477 20923
19530 19838
19544 20281
19573 7300
19628 20056
19641 21403
19641 20083
19718 20534
19725 21489
19739 20083
19743 19850
19758 20083
19762 21128
19801 20624
19820 20543
19839 22277
19850 21729
19854 19885
21991 22338
19896 20512
19896 20538
19896 21153
19937 20902
19937 20215
19950 22416
19956 21550
19984 21489
19988 22373
20024 21747
20083 20790
20083 21236
20083 20933
20083 21727
20083 22293
20083 20516
20083 21081
20083 6029
20083 21772
20102 21129
9818 21489
20189 20766
20330 20971
20356 20583
20362 22144
20390 21489
20415 20778
20415 22412
20443 21129
20484 20949
20498 20778
20507 21807
20516 21719
20516 21054
20516 21955
10568 22151
20543 21750
20544 21470
20607 22144
20641 20732
20663 21214
20723 21237
20731 21747
20758 21608
20770 22040
20770 21489
20778 21907
20778 21307
20810 22092
6029 21054
20892 20894
20967 21685
21054 21767
21054 22260
7218 21684
21161 21327
21346 22202
21371 21550
21426 22181
21438 22144
21489 21784
21489 21750
21525 21705
21536 21767
21550 21784
